Datetime,300037933 (Weißenburg Str.),353413852 (Weißenburg Str. [Bike Stadteinwärts]),353413853 (Weißenburg Str. [Bike Stadtauswärts]),300037933-status,353413852-status,353413853-status
2024-11-01 00:00,9,4,5,0,0,0
2024-11-01 00:15,5,2,3,0,0,0
2024-11-01 00:30,4,4,0,0,0,0
2024-11-01 00:45,2,2,0,0,0,0
2024-11-01 01:00,2,1,1,0,0,0
2024-11-01 01:15,3,3,0,0,0,0
2024-11-01 01:30,5,4,1,0,0,0
2024-11-01 01:45,2,2,0,0,0,0
2024-11-01 02:00,0,0,0,0,0,0
2024-11-01 02:15,3,2,1,0,0,0
2024-11-01 02:30,3,1,2,0,0,0
2024-11-01 02:45,1,1,0,0,0,0
2024-11-01 03:00,0,0,0,0,0,0
2024-11-01 03:15,9,2,7,0,0,0
2024-11-01 03:30,1,1,0,0,0,0
2024-11-01 03:45,5,2,3,0,0,0
2024-11-01 04:00,2,1,1,0,0,0
2024-11-01 04:15,0,0,0,0,0,0
2024-11-01 04:30,1,1,0,0,0,0
2024-11-01 04:45,1,1,0,0,0,0
2024-11-01 05:00,0,0,0,0,0,0
2024-11-01 05:15,4,4,0,0,0,0
2024-11-01 05:30,3,2,1,0,0,0
2024-11-01 05:45,2,1,1,0,0,0
2024-11-01 06:00,2,1,1,0,0,0
2024-11-01 06:15,2,2,0,0,0,0
2024-11-01 06:30,1,1,0,0,0,0
2024-11-01 06:45,1,0,1,0,0,0
2024-11-01 07:00,1,1,0,0,0,0
2024-11-01 07:15,0,0,0,0,0,0
2024-11-01 07:30,7,4,3,0,0,0
2024-11-01 07:45,4,3,1,0,0,0
2024-11-01 08:00,1,0,1,0,0,0
2024-11-01 08:15,4,3,1,0,0,0
2024-11-01 08:30,8,2,6,0,0,0
2024-11-01 08:45,3,1,2,0,0,0
2024-11-01 09:00,0,0,0,0,0,0
2024-11-01 09:15,5,2,3,0,0,0
2024-11-01 09:30,4,1,3,0,0,0
2024-11-01 09:45,4,3,1,0,0,0
2024-11-01 10:00,6,0,6,0,0,0
2024-11-01 10:15,6,2,4,0,0,0
2024-11-01 10:30,17,10,7,0,0,0
2024-11-01 10:45,23,17,6,0,0,0
2024-11-01 11:00,9,1,8,0,0,0
2024-11-01 11:15,7,4,3,0,0,0
2024-11-01 11:30,9,1,8,0,0,0
2024-11-01 11:45,16,10,6,0,0,0
2024-11-01 12:00,20,1,19,0,0,0
2024-11-01 12:15,14,5,9,0,0,0
2024-11-01 12:30,13,4,9,0,0,0
2024-11-01 12:45,22,11,11,0,0,0
2024-11-01 13:00,17,8,9,0,0,0
2024-11-01 13:15,13,7,6,0,0,0
2024-11-01 13:30,10,4,6,0,0,0
2024-11-01 13:45,15,5,10,0,0,0
2024-11-01 14:00,14,6,8,0,0,0
2024-11-01 14:15,12,7,5,0,0,0
2024-11-01 14:30,6,1,5,0,0,0
2024-11-01 14:45,9,4,5,0,0,0
2024-11-01 15:00,8,5,3,0,0,0
2024-11-01 15:15,7,3,4,0,0,0
2024-11-01 15:30,9,4,5,0,0,0
2024-11-01 15:45,10,2,8,0,0,0
2024-11-01 16:00,10,5,5,0,0,0
2024-11-01 16:15,15,10,5,0,0,0
2024-11-01 16:30,11,10,1,0,0,0
2024-11-01 16:45,39,26,13,0,0,0
2024-11-01 17:00,28,20,8,0,0,0
2024-11-01 17:15,45,33,12,0,0,0
2024-11-01 17:30,47,36,11,0,0,0
2024-11-01 17:45,21,16,5,0,0,0
2024-11-01 18:00,17,12,5,0,0,0
2024-11-01 18:15,7,4,3,0,0,0
2024-11-01 18:30,25,9,16,0,0,0
2024-11-01 18:45,7,5,2,0,0,0
2024-11-01 19:00,7,1,6,0,0,0
2024-11-01 19:15,8,3,5,0,0,0
2024-11-01 19:30,11,4,7,0,0,0
2024-11-01 19:45,17,4,13,0,0,0
2024-11-01 20:00,10,4,6,0,0,0
2024-11-01 20:15,9,3,6,0,0,0
2024-11-01 20:30,12,5,7,0,0,0
2024-11-01 20:45,46,2,44,0,0,0
2024-11-01 21:00,41,5,36,0,0,0
2024-11-01 21:15,15,2,13,0,0,0
2024-11-01 21:30,6,4,2,0,0,0
2024-11-01 21:45,13,7,6,0,0,0
2024-11-01 22:00,9,3,6,0,0,0
2024-11-01 22:15,10,5,5,0,0,0
2024-11-01 22:30,5,2,3,0,0,0
2024-11-01 22:45,8,4,4,0,0,0
2024-11-01 23:00,3,3,0,0,0,0
2024-11-01 23:15,3,1,2,0,0,0
2024-11-01 23:30,9,3,6,0,0,0
2024-11-01 23:45,6,4,2,0,0,0
2024-11-02 00:00,3,3,0,0,0,0
2024-11-02 00:15,1,0,1,0,0,0
2024-11-02 00:30,3,2,1,0,0,0
2024-11-02 00:45,0,0,0,0,0,0
2024-11-02 01:00,3,2,1,0,0,0
2024-11-02 01:15,0,0,0,0,0,0
2024-11-02 01:30,1,1,0,0,0,0
2024-11-02 01:45,3,2,1,0,0,0
2024-11-02 02:00,5,2,3,0,0,0
2024-11-02 02:15,1,1,0,0,0,0
2024-11-02 02:30,0,0,0,0,0,0
2024-11-02 02:45,0,0,0,0,0,0
2024-11-02 03:00,0,0,0,0,0,0
2024-11-02 03:15,3,3,0,0,0,0
2024-11-02 03:30,2,0,2,0,0,0
2024-11-02 03:45,2,1,1,0,0,0
2024-11-02 04:00,0,0,0,0,0,0
2024-11-02 04:15,0,0,0,0,0,0
2024-11-02 04:30,1,1,0,0,0,0
2024-11-02 04:45,1,1,0,0,0,0
2024-11-02 05:00,6,2,4,0,0,0
2024-11-02 05:15,0,0,0,0,0,0
2024-11-02 05:30,0,0,0,0,0,0
2024-11-02 05:45,0,0,0,0,0,0
2024-11-02 06:00,1,0,1,0,0,0
2024-11-02 06:15,1,1,0,0,0,0
2024-11-02 06:30,5,1,4,0,0,0
2024-11-02 06:45,11,3,8,0,0,0
2024-11-02 07:00,3,0,3,0,0,0
2024-11-02 07:15,7,3,4,0,0,0
2024-11-02 07:30,2,0,2,0,0,0
2024-11-02 07:45,5,4,1,0,0,0
2024-11-02 08:00,7,4,3,0,0,0
2024-11-02 08:15,10,6,4,0,0,0
2024-11-02 08:30,6,2,4,0,0,0
2024-11-02 08:45,15,5,10,0,0,0
2024-11-02 09:00,22,18,4,0,0,0
2024-11-02 09:15,12,3,9,0,0,0
2024-11-02 09:30,26,12,14,0,0,0
2024-11-02 09:45,24,9,15,0,0,0
2024-11-02 10:00,16,3,13,0,0,0
2024-11-02 10:15,35,11,24,0,0,0
2024-11-02 10:30,32,7,25,0,0,0
2024-11-02 10:45,33,8,25,0,0,0
2024-11-02 11:00,24,9,15,0,0,0
2024-11-02 11:15,35,18,17,0,0,0
2024-11-02 11:30,30,15,15,0,0,0
2024-11-02 11:45,27,12,15,0,0,0
2024-11-02 12:00,28,14,14,0,0,0
2024-11-02 12:15,24,7,17,0,0,0
2024-11-02 12:30,20,11,9,0,0,0
2024-11-02 12:45,26,6,20,0,0,0
2024-11-02 13:00,24,15,9,0,0,0
2024-11-02 13:15,13,10,3,0,0,0
2024-11-02 13:30,28,13,15,0,0,0
2024-11-02 13:45,38,12,26,0,0,0
2024-11-02 14:00,38,13,25,0,0,0
2024-11-02 14:15,27,15,12,0,0,0
2024-11-02 14:30,25,10,15,0,0,0
2024-11-02 14:45,25,10,15,0,0,0
2024-11-02 15:00,36,18,18,0,0,0
2024-11-02 15:15,17,11,6,0,0,0
2024-11-02 15:30,20,12,8,0,0,0
2024-11-02 15:45,33,11,22,0,0,0
2024-11-02 16:00,20,8,12,0,0,0
2024-11-02 16:15,20,13,7,0,0,0
2024-11-02 16:30,28,15,13,0,0,0
2024-11-02 16:45,33,18,15,0,0,0
2024-11-02 17:00,31,16,15,0,0,0
2024-11-02 17:15,17,11,6,0,0,0
2024-11-02 17:30,10,6,4,0,0,0
2024-11-02 17:45,22,11,11,0,0,0
2024-11-02 18:00,16,1,15,0,0,0
2024-11-02 18:15,25,16,9,0,0,0
2024-11-02 18:30,16,6,10,0,0,0
2024-11-02 18:45,17,7,10,0,0,0
2024-11-02 19:00,23,10,13,0,0,0
2024-11-02 19:15,19,10,9,0,0,0
2024-11-02 19:30,14,9,5,0,0,0
2024-11-02 19:45,22,8,14,0,0,0
2024-11-02 20:00,17,10,7,0,0,0
2024-11-02 20:15,9,5,4,0,0,0
2024-11-02 20:30,14,10,4,0,0,0
2024-11-02 20:45,8,5,3,0,0,0
2024-11-02 21:00,8,6,2,0,0,0
2024-11-02 21:15,12,7,5,0,0,0
2024-11-02 21:30,12,1,11,0,0,0
2024-11-02 21:45,4,1,3,0,0,0
2024-11-02 22:00,2,1,1,0,0,0
2024-11-02 22:15,2,1,1,0,0,0
2024-11-02 22:30,4,3,1,0,0,0
2024-11-02 22:45,3,3,0,0,0,0
2024-11-02 23:00,1,0,1,0,0,0
2024-11-02 23:15,8,6,2,0,0,0
2024-11-02 23:30,5,3,2,0,0,0
2024-11-02 23:45,4,4,0,0,0,0
2024-11-03 00:00,4,3,1,0,0,0
2024-11-03 00:15,6,4,2,0,0,0
2024-11-03 00:30,1,1,0,0,0,0
2024-11-03 00:45,3,2,1,0,0,0
2024-11-03 01:00,7,2,5,0,0,0
2024-11-03 01:15,1,1,0,0,0,0
2024-11-03 01:30,2,2,0,0,0,0
2024-11-03 01:45,3,2,1,0,0,0
2024-11-03 02:00,4,2,2,0,0,0
2024-11-03 02:15,0,0,0,0,0,0
2024-11-03 02:30,2,1,1,0,0,0
2024-11-03 02:45,0,0,0,0,0,0
2024-11-03 03:00,0,0,0,0,0,0
2024-11-03 03:15,1,1,0,0,0,0
2024-11-03 03:30,0,0,0,0,0,0
2024-11-03 03:45,0,0,0,0,0,0
2024-11-03 04:00,0,0,0,0,0,0
2024-11-03 04:15,0,0,0,0,0,0
2024-11-03 04:30,0,0,0,0,0,0
2024-11-03 04:45,0,0,0,0,0,0
2024-11-03 05:00,0,0,0,0,0,0
2024-11-03 05:15,0,0,0,0,0,0
2024-11-03 05:30,0,0,0,0,0,0
2024-11-03 05:45,1,1,0,0,0,0
2024-11-03 06:00,2,1,1,0,0,0
2024-11-03 06:15,0,0,0,0,0,0
2024-11-03 06:30,1,0,1,0,0,0
2024-11-03 06:45,1,1,0,0,0,0
2024-11-03 07:00,1,1,0,0,0,0
2024-11-03 07:15,0,0,0,0,0,0
2024-11-03 07:30,0,0,0,0,0,0
2024-11-03 07:45,2,1,1,0,0,0
2024-11-03 08:00,0,0,0,0,0,0
2024-11-03 08:15,2,2,0,0,0,0
2024-11-03 08:30,4,2,2,0,0,0
2024-11-03 08:45,6,3,3,0,0,0
2024-11-03 09:00,4,4,0,0,0,0
2024-11-03 09:15,3,2,1,0,0,0
2024-11-03 09:30,5,2,3,0,0,0
2024-11-03 09:45,9,2,7,0,0,0
2024-11-03 10:00,4,3,1,0,0,0
2024-11-03 10:15,15,9,6,0,0,0
2024-11-03 10:30,17,11,6,0,0,0
2024-11-03 10:45,14,6,8,0,0,0
2024-11-03 11:00,18,7,11,0,0,0
2024-11-03 11:15,12,7,5,0,0,0
2024-11-03 11:30,12,4,8,0,0,0
2024-11-03 11:45,14,3,11,0,0,0
2024-11-03 12:00,15,5,10,0,0,0
2024-11-03 12:15,19,2,17,0,0,0
2024-11-03 12:30,14,10,4,0,0,0
2024-11-03 12:45,17,8,9,0,0,0
2024-11-03 13:00,10,1,9,0,0,0
2024-11-03 13:15,13,5,8,0,0,0
2024-11-03 13:30,25,12,13,0,0,0
2024-11-03 13:45,17,2,15,0,0,0
2024-11-03 14:00,21,5,16,0,0,0
2024-11-03 14:15,19,8,11,0,0,0
2024-11-03 14:30,16,6,10,0,0,0
2024-11-03 14:45,26,11,15,0,0,0
2024-11-03 15:00,29,12,17,0,0,0
2024-11-03 15:15,24,11,13,0,0,0
2024-11-03 15:30,18,9,9,0,0,0
2024-11-03 15:45,28,14,14,0,0,0
2024-11-03 16:00,12,3,9,0,0,0
2024-11-03 16:15,19,11,8,0,0,0
2024-11-03 16:30,22,11,11,0,0,0
2024-11-03 16:45,27,17,10,0,0,0
2024-11-03 17:00,21,9,12,0,0,0
2024-11-03 17:15,17,7,10,0,0,0
2024-11-03 17:30,15,5,10,0,0,0
2024-11-03 17:45,8,4,4,0,0,0
2024-11-03 18:00,12,6,6,0,0,0
2024-11-03 18:15,12,8,4,0,0,0
2024-11-03 18:30,14,9,5,0,0,0
2024-11-03 18:45,7,5,2,0,0,0
2024-11-03 19:00,11,7,4,0,0,0
2024-11-03 19:15,8,3,5,0,0,0
2024-11-03 19:30,15,7,8,0,0,0
2024-11-03 19:45,4,2,2,0,0,0
2024-11-03 20:00,3,0,3,0,0,0
2024-11-03 20:15,2,2,0,0,0,0
2024-11-03 20:30,1,1,0,0,0,0
2024-11-03 20:45,7,5,2,0,0,0
2024-11-03 21:00,15,6,9,0,0,0
2024-11-03 21:15,6,6,0,0,0,0
2024-11-03 21:30,3,3,0,0,0,0
2024-11-03 21:45,4,3,1,0,0,0
2024-11-03 22:00,5,5,0,0,0,0
2024-11-03 22:15,1,0,1,0,0,0
2024-11-03 22:30,1,0,1,0,0,0
2024-11-03 22:45,0,0,0,0,0,0
2024-11-03 23:00,0,0,0,0,0,0
2024-11-03 23:15,1,0,1,0,0,0
2024-11-03 23:30,1,1,0,0,0,0
2024-11-03 23:45,0,0,0,0,0,0
2024-11-04 00:00,1,0,1,0,0,0
2024-11-04 00:15,0,0,0,0,0,0
2024-11-04 00:30,0,0,0,0,0,0
2024-11-04 00:45,0,0,0,0,0,0
2024-11-04 01:00,0,0,0,0,0,0
2024-11-04 01:15,0,0,0,0,0,0
2024-11-04 01:30,0,0,0,0,0,0
2024-11-04 01:45,1,0,1,0,0,0
2024-11-04 02:00,0,0,0,0,0,0
2024-11-04 02:15,0,0,0,0,0,0
2024-11-04 02:30,0,0,0,0,0,0
2024-11-04 02:45,0,0,0,0,0,0
2024-11-04 03:00,0,0,0,0,0,0
2024-11-04 03:15,1,0,1,0,0,0
2024-11-04 03:30,0,0,0,0,0,0
2024-11-04 03:45,0,0,0,0,0,0
2024-11-04 04:00,1,0,1,0,0,0
2024-11-04 04:15,0,0,0,0,0,0
2024-11-04 04:30,5,4,1,0,0,0
2024-11-04 04:45,0,0,0,0,0,0
2024-11-04 05:00,2,1,1,0,0,0
2024-11-04 05:15,2,1,1,0,0,0
2024-11-04 05:30,1,0,1,0,0,0
2024-11-04 05:45,1,1,0,0,0,0
2024-11-04 06:00,4,1,3,0,0,0
2024-11-04 06:15,6,3,3,0,0,0
2024-11-04 06:30,8,1,7,0,0,0
2024-11-04 06:45,17,3,14,0,0,0
2024-11-04 07:00,25,6,19,0,0,0
2024-11-04 07:15,42,8,34,0,0,0
2024-11-04 07:30,109,14,95,0,0,0
2024-11-04 07:45,35,11,24,0,0,0
2024-11-04 08:00,42,10,32,0,0,0
2024-11-04 08:15,44,15,29,0,0,0
2024-11-04 08:30,40,14,26,0,0,0
2024-11-04 08:45,38,12,26,0,0,0
2024-11-04 09:00,17,4,13,0,0,0
2024-11-04 09:15,20,7,13,0,0,0
2024-11-04 09:30,18,10,8,0,0,0
2024-11-04 09:45,23,7,16,0,0,0
2024-11-04 10:00,32,12,20,0,0,0
2024-11-04 10:15,19,6,13,0,0,0
2024-11-04 10:30,22,5,17,0,0,0
2024-11-04 10:45,26,16,10,0,0,0
2024-11-04 11:00,22,15,7,0,0,0
2024-11-04 11:15,14,8,6,0,0,0
2024-11-04 11:30,22,8,14,0,0,0
2024-11-04 11:45,23,11,12,0,0,0
2024-11-04 12:00,23,10,13,0,0,0
2024-11-04 12:15,22,14,8,0,0,0
2024-11-04 12:30,24,13,11,0,0,0
2024-11-04 12:45,18,11,7,0,0,0
2024-11-04 13:00,15,9,6,0,0,0
2024-11-04 13:15,29,23,6,0,0,0
2024-11-04 13:30,22,15,7,0,0,0
2024-11-04 13:45,73,56,17,0,0,0
2024-11-04 14:00,34,19,15,0,0,0
2024-11-04 14:15,27,16,11,0,0,0
2024-11-04 14:30,39,16,23,0,0,0
2024-11-04 14:45,45,13,32,0,0,0
2024-11-04 15:00,39,21,18,0,0,0
2024-11-04 15:15,35,22,13,0,0,0
2024-11-04 15:30,38,25,13,0,0,0
2024-11-04 15:45,39,20,19,0,0,0
2024-11-04 16:00,30,18,12,0,0,0
2024-11-04 16:15,28,19,9,0,0,0
2024-11-04 16:30,42,19,23,0,0,0
2024-11-04 16:45,45,25,20,0,0,0
2024-11-04 17:00,41,22,19,0,0,0
2024-11-04 17:15,36,19,17,0,0,0
2024-11-04 17:30,35,22,13,0,0,0
2024-11-04 17:45,38,20,18,0,0,0
2024-11-04 18:00,41,24,17,0,0,0
2024-11-04 18:15,32,18,14,0,0,0
2024-11-04 18:30,21,15,6,0,0,0
2024-11-04 18:45,15,7,8,0,0,0
2024-11-04 19:00,27,15,12,0,0,0
2024-11-04 19:15,19,12,7,0,0,0
2024-11-04 19:30,16,9,7,0,0,0
2024-11-04 19:45,17,8,9,0,0,0
2024-11-04 20:00,8,7,1,0,0,0
2024-11-04 20:15,9,7,2,0,0,0
2024-11-04 20:30,9,4,5,0,0,0
2024-11-04 20:45,9,4,5,0,0,0
2024-11-04 21:00,8,4,4,0,0,0
2024-11-04 21:15,8,4,4,0,0,0
2024-11-04 21:30,6,4,2,0,0,0
2024-11-04 21:45,8,5,3,0,0,0
2024-11-04 22:00,4,1,3,0,0,0
2024-11-04 22:15,3,2,1,0,0,0
2024-11-04 22:30,6,4,2,0,0,0
2024-11-04 22:45,4,2,2,0,0,0
2024-11-04 23:00,4,2,2,0,0,0
2024-11-04 23:15,1,1,0,0,0,0
2024-11-04 23:30,0,0,0,0,0,0
2024-11-04 23:45,2,2,0,0,0,0
2024-11-05 00:00,4,1,3,0,0,0
2024-11-05 00:15,1,0,1,0,0,0
2024-11-05 00:30,1,1,0,0,0,0
2024-11-05 00:45,0,0,0,0,0,0
2024-11-05 01:00,1,1,0,0,0,0
2024-11-05 01:15,2,1,1,0,0,0
2024-11-05 01:30,3,2,1,0,0,0
2024-11-05 01:45,2,0,2,0,0,0
2024-11-05 02:00,0,0,0,0,0,0
2024-11-05 02:15,0,0,0,0,0,0
2024-11-05 02:30,0,0,0,0,0,0
2024-11-05 02:45,0,0,0,0,0,0
2024-11-05 03:00,0,0,0,0,0,0
2024-11-05 03:15,1,0,1,0,0,0
2024-11-05 03:30,0,0,0,0,0,0
2024-11-05 03:45,0,0,0,0,0,0
2024-11-05 04:00,1,1,0,0,0,0
2024-11-05 04:15,2,1,1,0,0,0
2024-11-05 04:30,4,4,0,0,0,0
2024-11-05 04:45,4,0,4,0,0,0
2024-11-05 05:00,3,2,1,0,0,0
2024-11-05 05:15,0,0,0,0,0,0
2024-11-05 05:30,1,0,1,0,0,0
2024-11-05 05:45,1,0,1,0,0,0
2024-11-05 06:00,5,2,3,0,0,0
2024-11-05 06:15,13,7,6,0,0,0
2024-11-05 06:30,12,6,6,0,0,0
2024-11-05 06:45,16,1,15,0,0,0
2024-11-05 07:00,26,7,19,0,0,0
2024-11-05 07:15,48,7,41,0,0,0
2024-11-05 07:30,121,16,105,0,0,0
2024-11-05 07:45,46,9,37,0,0,0
2024-11-05 08:00,42,9,33,0,0,0
2024-11-05 08:15,38,14,24,0,0,0
2024-11-05 08:30,20,4,16,0,0,0
2024-11-05 08:45,31,10,21,0,0,0
2024-11-05 09:00,21,5,16,0,0,0
2024-11-05 09:15,21,2,19,0,0,0
2024-11-05 09:30,20,7,13,0,0,0
2024-11-05 09:45,38,19,19,0,0,0
2024-11-05 10:00,38,9,29,0,0,0
2024-11-05 10:15,23,6,17,0,0,0
2024-11-05 10:30,14,10,4,0,0,0
2024-11-05 10:45,22,11,11,0,0,0
2024-11-05 11:00,20,7,13,0,0,0
2024-11-05 11:15,30,11,19,0,0,0
2024-11-05 11:30,22,11,11,0,0,0
2024-11-05 11:45,23,10,13,0,0,0
2024-11-05 12:00,28,14,14,0,0,0
2024-11-05 12:15,39,28,11,0,0,0
2024-11-05 12:30,26,21,5,0,0,0
2024-11-05 12:45,20,10,10,0,0,0
2024-11-05 13:00,19,11,8,0,0,0
2024-11-05 13:15,19,13,6,0,0,0
2024-11-05 13:30,35,23,12,0,0,0
2024-11-05 13:45,79,58,21,0,0,0
2024-11-05 14:00,39,24,15,0,0,0
2024-11-05 14:15,32,20,12,0,0,0
2024-11-05 14:30,26,17,9,0,0,0
2024-11-05 14:45,27,16,11,0,0,0
2024-11-05 15:00,32,19,13,0,0,0
2024-11-05 15:15,42,22,20,0,0,0
2024-11-05 15:30,38,23,15,0,0,0
2024-11-05 15:45,41,22,19,0,0,0
2024-11-05 16:00,48,30,18,0,0,0
2024-11-05 16:15,45,22,23,0,0,0
2024-11-05 16:30,34,18,16,0,0,0
2024-11-05 16:45,38,22,16,0,0,0
2024-11-05 17:00,31,14,17,0,0,0
2024-11-05 17:15,40,15,25,0,0,0
2024-11-05 17:30,32,20,12,0,0,0
2024-11-05 17:45,47,24,23,0,0,0
2024-11-05 18:00,27,15,12,0,0,0
2024-11-05 18:15,41,21,20,0,0,0
2024-11-05 18:30,25,11,14,0,0,0
2024-11-05 18:45,33,14,19,0,0,0
2024-11-05 19:00,25,13,12,0,0,0
2024-11-05 19:15,19,10,9,0,0,0
2024-11-05 19:30,13,6,7,0,0,0
2024-11-05 19:45,25,15,10,0,0,0
2024-11-05 20:00,13,7,6,0,0,0
2024-11-05 20:15,12,4,8,0,0,0
2024-11-05 20:30,10,4,6,0,0,0
2024-11-05 20:45,10,2,8,0,0,0
2024-11-05 21:00,13,5,8,0,0,0
2024-11-05 21:15,10,6,4,0,0,0
2024-11-05 21:30,8,4,4,0,0,0
2024-11-05 21:45,7,5,2,0,0,0
2024-11-05 22:00,10,7,3,0,0,0
2024-11-05 22:15,11,6,5,0,0,0
2024-11-05 22:30,8,5,3,0,0,0
2024-11-05 22:45,6,4,2,0,0,0
2024-11-05 23:00,3,2,1,0,0,0
2024-11-05 23:15,5,4,1,0,0,0
2024-11-05 23:30,1,1,0,0,0,0
2024-11-05 23:45,3,1,2,0,0,0
2024-11-06 00:00,3,1,2,0,0,0
2024-11-06 00:15,1,1,0,0,0,0
2024-11-06 00:30,1,0,1,0,0,0
2024-11-06 00:45,3,1,2,0,0,0
2024-11-06 01:00,0,0,0,0,0,0
2024-11-06 01:15,1,0,1,0,0,0
2024-11-06 01:30,1,0,1,0,0,0
2024-11-06 01:45,2,1,1,0,0,0
2024-11-06 02:00,2,1,1,0,0,0
2024-11-06 02:15,0,0,0,0,0,0
2024-11-06 02:30,1,1,0,0,0,0
2024-11-06 02:45,0,0,0,0,0,0
2024-11-06 03:00,0,0,0,0,0,0
2024-11-06 03:15,1,0,1,0,0,0
2024-11-06 03:30,0,0,0,0,0,0
2024-11-06 03:45,0,0,0,0,0,0
2024-11-06 04:00,0,0,0,0,0,0
2024-11-06 04:15,1,1,0,0,0,0
2024-11-06 04:30,4,2,2,0,0,0
2024-11-06 04:45,0,0,0,0,0,0
2024-11-06 05:00,1,1,0,0,0,0
2024-11-06 05:15,4,3,1,0,0,0
2024-11-06 05:30,1,1,0,0,0,0
2024-11-06 05:45,0,0,0,0,0,0
2024-11-06 06:00,7,3,4,0,0,0
2024-11-06 06:15,10,5,5,0,0,0
2024-11-06 06:30,5,1,4,0,0,0
2024-11-06 06:45,16,6,10,0,0,0
2024-11-06 07:00,17,4,13,0,0,0
2024-11-06 07:15,41,6,35,0,0,0
2024-11-06 07:30,130,18,112,0,0,0
2024-11-06 07:45,33,9,24,0,0,0
2024-11-06 08:00,46,22,24,0,0,0
2024-11-06 08:15,39,13,26,0,0,0
2024-11-06 08:30,45,20,25,0,0,0
2024-11-06 08:45,25,7,18,0,0,0
2024-11-06 09:00,22,9,13,0,0,0
2024-11-06 09:15,14,4,10,0,0,0
2024-11-06 09:30,23,12,11,0,0,0
2024-11-06 09:45,36,12,24,0,0,0
2024-11-06 10:00,17,6,11,0,0,0
2024-11-06 10:15,16,8,8,0,0,0
2024-11-06 10:30,24,6,18,0,0,0
2024-11-06 10:45,17,5,12,0,0,0
2024-11-06 11:00,29,10,19,0,0,0
2024-11-06 11:15,12,7,5,0,0,0
2024-11-06 11:30,28,10,18,0,0,0
2024-11-06 11:45,18,2,16,0,0,0
2024-11-06 12:00,16,9,7,0,0,0
2024-11-06 12:15,31,21,10,0,0,0
2024-11-06 12:30,44,25,19,0,0,0
2024-11-06 12:45,16,9,7,0,0,0
2024-11-06 13:00,14,7,7,0,0,0
2024-11-06 13:15,24,14,10,0,0,0
2024-11-06 13:30,34,23,11,0,0,0
2024-11-06 13:45,63,35,28,0,0,0
2024-11-06 14:00,31,17,14,0,0,0
2024-11-06 14:15,33,25,8,0,0,0
2024-11-06 14:30,23,11,12,0,0,0
2024-11-06 14:45,36,16,20,0,0,0
2024-11-06 15:00,43,23,20,0,0,0
2024-11-06 15:15,22,12,10,0,0,0
2024-11-06 15:30,41,23,18,0,0,0
2024-11-06 15:45,38,27,11,0,0,0
2024-11-06 16:00,43,29,14,0,0,0
2024-11-06 16:15,21,11,10,0,0,0
2024-11-06 16:30,36,22,14,0,0,0
2024-11-06 16:45,29,17,12,0,0,0
2024-11-06 17:00,33,16,17,0,0,0
2024-11-06 17:15,27,14,13,0,0,0
2024-11-06 17:30,23,8,15,0,0,0
2024-11-06 17:45,39,19,20,0,0,0
2024-11-06 18:00,23,14,9,0,0,0
2024-11-06 18:15,20,12,8,0,0,0
2024-11-06 18:30,22,15,7,0,0,0
2024-11-06 18:45,33,12,21,0,0,0
2024-11-06 19:00,20,12,8,0,0,0
2024-11-06 19:15,18,11,7,0,0,0
2024-11-06 19:30,18,6,12,0,0,0
2024-11-06 19:45,14,9,5,0,0,0
2024-11-06 20:00,15,6,9,0,0,0
2024-11-06 20:15,11,3,8,0,0,0
2024-11-06 20:30,16,12,4,0,0,0
2024-11-06 20:45,11,7,4,0,0,0
2024-11-06 21:00,14,5,9,0,0,0
2024-11-06 21:15,4,3,1,0,0,0
2024-11-06 21:30,9,7,2,0,0,0
2024-11-06 21:45,3,0,3,0,0,0
2024-11-06 22:00,2,0,2,0,0,0
2024-11-06 22:15,4,3,1,0,0,0
2024-11-06 22:30,6,3,3,0,0,0
2024-11-06 22:45,7,5,2,0,0,0
2024-11-06 23:00,3,3,0,0,0,0
2024-11-06 23:15,4,4,0,0,0,0
2024-11-06 23:30,5,4,1,0,0,0
2024-11-06 23:45,2,2,0,0,0,0
2024-11-07 00:00,0,0,0,0,0,0
2024-11-07 00:15,1,1,0,0,0,0
2024-11-07 00:30,0,0,0,0,0,0
2024-11-07 00:45,0,0,0,0,0,0
2024-11-07 01:00,1,0,1,0,0,0
2024-11-07 01:15,0,0,0,0,0,0
2024-11-07 01:30,3,2,1,0,0,0
2024-11-07 01:45,5,3,2,0,0,0
2024-11-07 02:00,3,3,0,0,0,0
2024-11-07 02:15,0,0,0,0,0,0
2024-11-07 02:30,1,0,1,0,0,0
2024-11-07 02:45,0,0,0,0,0,0
2024-11-07 03:00,2,1,1,0,0,0
2024-11-07 03:15,2,1,1,0,0,0
2024-11-07 03:30,0,0,0,0,0,0
2024-11-07 03:45,0,0,0,0,0,0
2024-11-07 04:00,1,0,1,0,0,0
2024-11-07 04:15,1,0,1,0,0,0
2024-11-07 04:30,10,3,7,0,0,0
2024-11-07 04:45,0,0,0,0,0,0
2024-11-07 05:00,4,2,2,0,0,0
2024-11-07 05:15,0,0,0,0,0,0
2024-11-07 05:30,3,1,2,0,0,0
2024-11-07 05:45,0,0,0,0,0,0
2024-11-07 06:00,6,4,2,0,0,0
2024-11-07 06:15,10,5,5,0,0,0
2024-11-07 06:30,10,4,6,0,0,0
2024-11-07 06:45,11,7,4,0,0,0
2024-11-07 07:00,17,3,14,0,0,0
2024-11-07 07:15,41,3,38,0,0,0
2024-11-07 07:30,107,14,93,0,0,0
2024-11-07 07:45,51,16,35,0,0,0
2024-11-07 08:00,49,20,29,0,0,0
2024-11-07 08:15,57,20,37,0,0,0
2024-11-07 08:30,27,15,12,0,0,0
2024-11-07 08:45,34,11,23,0,0,0
2024-11-07 09:00,16,5,11,0,0,0
2024-11-07 09:15,16,2,14,0,0,0
2024-11-07 09:30,12,1,11,0,0,0
2024-11-07 09:45,28,7,21,0,0,0
2024-11-07 10:00,33,12,21,0,0,0
2024-11-07 10:15,14,8,6,0,0,0
2024-11-07 10:30,20,10,10,0,0,0
2024-11-07 10:45,27,13,14,0,0,0
2024-11-07 11:00,23,9,14,0,0,0
2024-11-07 11:15,21,11,10,0,0,0
2024-11-07 11:30,19,8,11,0,0,0
2024-11-07 11:45,25,10,15,0,0,0
2024-11-07 12:00,15,6,9,0,0,0
2024-11-07 12:15,27,19,8,0,0,0
2024-11-07 12:30,33,15,18,0,0,0
2024-11-07 12:45,15,8,7,0,0,0
2024-11-07 13:00,32,22,10,0,0,0
2024-11-07 13:15,20,15,5,0,0,0
2024-11-07 13:30,33,22,11,0,0,0
2024-11-07 13:45,55,43,12,0,0,0
2024-11-07 14:00,33,21,12,0,0,0
2024-11-07 14:15,32,22,10,0,0,0
2024-11-07 14:30,26,14,12,0,0,0
2024-11-07 14:45,40,22,18,0,0,0
2024-11-07 15:00,25,15,10,0,0,0
2024-11-07 15:15,33,19,14,0,0,0
2024-11-07 15:30,31,15,16,0,0,0
2024-11-07 15:45,38,23,15,0,0,0
2024-11-07 16:00,45,28,17,0,0,0
2024-11-07 16:15,37,18,19,0,0,0
2024-11-07 16:30,34,15,19,0,0,0
2024-11-07 16:45,32,17,15,0,0,0
2024-11-07 17:00,28,18,10,0,0,0
2024-11-07 17:15,21,11,10,0,0,0
2024-11-07 17:30,46,20,26,0,0,0
2024-11-07 17:45,26,11,15,0,0,0
2024-11-07 18:00,36,19,17,0,0,0
2024-11-07 18:15,25,15,10,0,0,0
2024-11-07 18:30,19,7,12,0,0,0
2024-11-07 18:45,16,8,8,0,0,0
2024-11-07 19:00,18,9,9,0,0,0
2024-11-07 19:15,17,8,9,0,0,0
2024-11-07 19:30,20,12,8,0,0,0
2024-11-07 19:45,23,12,11,0,0,0
2024-11-07 20:00,13,6,7,0,0,0
2024-11-07 20:15,13,10,3,0,0,0
2024-11-07 20:30,12,9,3,0,0,0
2024-11-07 20:45,3,1,2,0,0,0
2024-11-07 21:00,7,5,2,0,0,0
2024-11-07 21:15,5,4,1,0,0,0
2024-11-07 21:30,3,2,1,0,0,0
2024-11-07 21:45,13,9,4,0,0,0
2024-11-07 22:00,7,6,1,0,0,0
2024-11-07 22:15,8,5,3,0,0,0
2024-11-07 22:30,8,5,3,0,0,0
2024-11-07 22:45,4,3,1,0,0,0
2024-11-07 23:00,3,2,1,0,0,0
2024-11-07 23:15,5,3,2,0,0,0
2024-11-07 23:30,5,2,3,0,0,0
2024-11-07 23:45,1,1,0,0,0,0
2024-11-08 00:00,4,1,3,0,0,0
2024-11-08 00:15,2,2,0,0,0,0
2024-11-08 00:30,0,0,0,0,0,0
2024-11-08 00:45,0,0,0,0,0,0
2024-11-08 01:00,1,0,1,0,0,0
2024-11-08 01:15,1,1,0,0,0,0
2024-11-08 01:30,2,2,0,0,0,0
2024-11-08 01:45,1,1,0,0,0,0
2024-11-08 02:00,1,0,1,0,0,0
2024-11-08 02:15,1,1,0,0,0,0
2024-11-08 02:30,0,0,0,0,0,0
2024-11-08 02:45,0,0,0,0,0,0
2024-11-08 03:00,1,1,0,0,0,0
2024-11-08 03:15,1,0,1,0,0,0
2024-11-08 03:30,0,0,0,0,0,0
2024-11-08 03:45,2,1,1,0,0,0
2024-11-08 04:00,0,0,0,0,0,0
2024-11-08 04:15,0,0,0,0,0,0
2024-11-08 04:30,4,1,3,0,0,0
2024-11-08 04:45,0,0,0,0,0,0
2024-11-08 05:00,7,6,1,0,0,0
2024-11-08 05:15,1,0,1,0,0,0
2024-11-08 05:30,1,1,0,0,0,0
2024-11-08 05:45,0,0,0,0,0,0
2024-11-08 06:00,4,3,1,0,0,0
2024-11-08 06:15,14,4,10,0,0,0
2024-11-08 06:30,21,8,13,0,0,0
2024-11-08 06:45,7,4,3,0,0,0
2024-11-08 07:00,13,4,9,0,0,0
2024-11-08 07:15,37,9,28,0,0,0
2024-11-08 07:30,108,21,87,0,0,0
2024-11-08 07:45,42,18,24,0,0,0
2024-11-08 08:00,38,9,29,0,0,0
2024-11-08 08:15,43,20,23,0,0,0
2024-11-08 08:30,26,5,21,0,0,0
2024-11-08 08:45,28,9,19,0,0,0
2024-11-08 09:00,19,9,10,0,0,0
2024-11-08 09:15,19,6,13,0,0,0
2024-11-08 09:30,22,7,15,0,0,0
2024-11-08 09:45,32,6,26,0,0,0
2024-11-08 10:00,51,23,28,0,0,0
2024-11-08 10:15,19,10,9,0,0,0
2024-11-08 10:30,28,11,17,0,0,0
2024-11-08 10:45,17,10,7,0,0,0
2024-11-08 11:00,25,13,12,0,0,0
2024-11-08 11:15,20,9,11,0,0,0
2024-11-08 11:30,26,10,16,0,0,0
2024-11-08 11:45,25,7,18,0,0,0
2024-11-08 12:00,23,10,13,0,0,0
2024-11-08 12:15,17,9,8,0,0,0
2024-11-08 12:30,31,21,10,0,0,0
2024-11-08 12:45,31,17,14,0,0,0
2024-11-08 13:00,23,12,11,0,0,0
2024-11-08 13:15,47,26,21,0,0,0
2024-11-08 13:30,32,19,13,0,0,0
2024-11-08 13:45,72,59,13,0,0,0
2024-11-08 14:00,36,19,17,0,0,0
2024-11-08 14:15,31,21,10,0,0,0
2024-11-08 14:30,26,16,10,0,0,0
2024-11-08 14:45,39,21,18,0,0,0
2024-11-08 15:00,27,13,14,0,0,0
2024-11-08 15:15,38,27,11,0,0,0
2024-11-08 15:30,28,15,13,0,0,0
2024-11-08 15:45,22,15,7,0,0,0
2024-11-08 16:00,38,20,18,0,0,0
2024-11-08 16:15,36,18,18,0,0,0
2024-11-08 16:30,15,9,6,0,0,0
2024-11-08 16:45,26,10,16,0,0,0
2024-11-08 17:00,30,19,11,0,0,0
2024-11-08 17:15,25,16,9,0,0,0
2024-11-08 17:30,26,15,11,0,0,0
2024-11-08 17:45,21,8,13,0,0,0
2024-11-08 18:00,19,9,10,0,0,0
2024-11-08 18:15,26,12,14,0,0,0
2024-11-08 18:30,19,10,9,0,0,0
2024-11-08 18:45,21,7,14,0,0,0
2024-11-08 19:00,27,16,11,0,0,0
2024-11-08 19:15,15,6,9,0,0,0
2024-11-08 19:30,15,7,8,0,0,0
2024-11-08 19:45,14,4,10,0,0,0
2024-11-08 20:00,17,7,10,0,0,0
2024-11-08 20:15,11,5,6,0,0,0
2024-11-08 20:30,14,8,6,0,0,0
2024-11-08 20:45,6,0,6,0,0,0
2024-11-08 21:00,12,8,4,0,0,0
2024-11-08 21:15,6,2,4,0,0,0
2024-11-08 21:30,3,2,1,0,0,0
2024-11-08 21:45,6,4,2,0,0,0
2024-11-08 22:00,11,2,9,0,0,0
2024-11-08 22:15,3,1,2,0,0,0
2024-11-08 22:30,7,6,1,0,0,0
2024-11-08 22:45,6,2,4,0,0,0
2024-11-08 23:00,6,4,2,0,0,0
2024-11-08 23:15,6,1,5,0,0,0
2024-11-08 23:30,9,4,5,0,0,0
2024-11-08 23:45,3,2,1,0,0,0
2024-11-09 00:00,10,4,6,0,0,0
2024-11-09 00:15,3,3,0,0,0,0
2024-11-09 00:30,3,1,2,0,0,0
2024-11-09 00:45,3,3,0,0,0,0
2024-11-09 01:00,1,1,0,0,0,0
2024-11-09 01:15,3,3,0,0,0,0
2024-11-09 01:30,4,2,2,0,0,0
2024-11-09 01:45,5,1,4,0,0,0
2024-11-09 02:00,2,1,1,0,0,0
2024-11-09 02:15,8,6,2,0,0,0
2024-11-09 02:30,5,1,4,0,0,0
2024-11-09 02:45,3,3,0,0,0,0
2024-11-09 03:00,0,0,0,0,0,0
2024-11-09 03:15,1,1,0,0,0,0
2024-11-09 03:30,4,4,0,0,0,0
2024-11-09 03:45,0,0,0,0,0,0
2024-11-09 04:00,0,0,0,0,0,0
2024-11-09 04:15,0,0,0,0,0,0
2024-11-09 04:30,0,0,0,0,0,0
2024-11-09 04:45,1,1,0,0,0,0
2024-11-09 05:00,0,0,0,0,0,0
2024-11-09 05:15,3,2,1,0,0,0
2024-11-09 05:30,0,0,0,0,0,0
2024-11-09 05:45,1,1,0,0,0,0
2024-11-09 06:00,1,0,1,0,0,0
2024-11-09 06:15,2,2,0,0,0,0
2024-11-09 06:30,2,1,1,0,0,0
2024-11-09 06:45,1,0,1,0,0,0
2024-11-09 07:00,3,0,3,0,0,0
2024-11-09 07:15,7,1,6,0,0,0
2024-11-09 07:30,2,2,0,0,0,0
2024-11-09 07:45,10,5,5,0,0,0
2024-11-09 08:00,7,2,5,0,0,0
2024-11-09 08:15,13,7,6,0,0,0
2024-11-09 08:30,8,8,0,0,0,0
2024-11-09 08:45,14,7,7,0,0,0
2024-11-09 09:00,13,5,8,0,0,0
2024-11-09 09:15,12,5,7,0,0,0
2024-11-09 09:30,25,10,15,0,0,0
2024-11-09 09:45,21,6,15,0,0,0
2024-11-09 10:00,20,7,13,0,0,0
2024-11-09 10:15,23,9,14,0,0,0
2024-11-09 10:30,24,9,15,0,0,0
2024-11-09 10:45,20,8,12,0,0,0
2024-11-09 11:00,26,13,13,0,0,0
2024-11-09 11:15,12,6,6,0,0,0
2024-11-09 11:30,21,10,11,0,0,0
2024-11-09 11:45,19,6,13,0,0,0
2024-11-09 12:00,17,4,13,0,0,0
2024-11-09 12:15,17,10,7,0,0,0
2024-11-09 12:30,19,6,13,0,0,0
2024-11-09 12:45,29,12,17,0,0,0
2024-11-09 13:00,16,8,8,0,0,0
2024-11-09 13:15,20,15,5,0,0,0
2024-11-09 13:30,26,11,15,0,0,0
2024-11-09 13:45,17,1,16,0,0,0
2024-11-09 14:00,32,13,19,0,0,0
2024-11-09 14:15,11,4,7,0,0,0
2024-11-09 14:30,28,15,13,0,0,0
2024-11-09 14:45,17,8,9,0,0,0
2024-11-09 15:00,28,10,18,0,0,0
2024-11-09 15:15,15,5,10,0,0,0
2024-11-09 15:30,13,5,8,0,0,0
2024-11-09 15:45,19,12,7,0,0,0
2024-11-09 16:00,25,8,17,0,0,0
2024-11-09 16:15,22,9,13,0,0,0
2024-11-09 16:30,22,11,11,0,0,0
2024-11-09 16:45,19,13,6,0,0,0
2024-11-09 17:00,16,7,9,0,0,0
2024-11-09 17:15,19,15,4,0,0,0
2024-11-09 17:30,25,11,14,0,0,0
2024-11-09 17:45,17,9,8,0,0,0
2024-11-09 18:00,23,13,10,0,0,0
2024-11-09 18:15,18,6,12,0,0,0
2024-11-09 18:30,17,9,8,0,0,0
2024-11-09 18:45,17,10,7,0,0,0
2024-11-09 19:00,8,3,5,0,0,0
2024-11-09 19:15,11,1,10,0,0,0
2024-11-09 19:30,15,8,7,0,0,0
2024-11-09 19:45,20,9,11,0,0,0
2024-11-09 20:00,22,8,14,0,0,0
2024-11-09 20:15,6,3,3,0,0,0
2024-11-09 20:30,10,6,4,0,0,0
2024-11-09 20:45,4,0,4,0,0,0
2024-11-09 21:00,7,2,5,0,0,0
2024-11-09 21:15,7,1,6,0,0,0
2024-11-09 21:30,9,4,5,0,0,0
2024-11-09 21:45,2,1,1,0,0,0
2024-11-09 22:00,9,5,4,0,0,0
2024-11-09 22:15,3,0,3,0,0,0
2024-11-09 22:30,1,1,0,0,0,0
2024-11-09 22:45,6,6,0,0,0,0
2024-11-09 23:00,6,3,3,0,0,0
2024-11-09 23:15,4,1,3,0,0,0
2024-11-09 23:30,6,2,4,0,0,0
2024-11-09 23:45,4,3,1,0,0,0
2024-11-10 00:00,8,6,2,0,0,0
2024-11-10 00:15,4,1,3,0,0,0
2024-11-10 00:30,11,8,3,0,0,0
2024-11-10 00:45,4,2,2,0,0,0
2024-11-10 01:00,4,3,1,0,0,0
2024-11-10 01:15,2,1,1,0,0,0
2024-11-10 01:30,3,1,2,0,0,0
2024-11-10 01:45,5,4,1,0,0,0
2024-11-10 02:00,1,0,1,0,0,0
2024-11-10 02:15,4,2,2,0,0,0
2024-11-10 02:30,2,2,0,0,0,0
2024-11-10 02:45,2,0,2,0,0,0
2024-11-10 03:00,2,2,0,0,0,0
2024-11-10 03:15,4,4,0,0,0,0
2024-11-10 03:30,1,1,0,0,0,0
2024-11-10 03:45,1,1,0,0,0,0
2024-11-10 04:00,1,0,1,0,0,0
2024-11-10 04:15,0,0,0,0,0,0
2024-11-10 04:30,0,0,0,0,0,0
2024-11-10 04:45,2,2,0,0,0,0
2024-11-10 05:00,0,0,0,0,0,0
2024-11-10 05:15,0,0,0,0,0,0
2024-11-10 05:30,0,0,0,0,0,0
2024-11-10 05:45,0,0,0,0,0,0
2024-11-10 06:00,2,0,2,0,0,0
2024-11-10 06:15,3,2,1,0,0,0
2024-11-10 06:30,2,1,1,0,0,0
2024-11-10 06:45,1,1,0,0,0,0
2024-11-10 07:00,1,0,1,0,0,0
2024-11-10 07:15,3,1,2,0,0,0
2024-11-10 07:30,0,0,0,0,0,0
2024-11-10 07:45,1,0,1,0,0,0
2024-11-10 08:00,0,0,0,0,0,0
2024-11-10 08:15,3,2,1,0,0,0
2024-11-10 08:30,4,1,3,0,0,0
2024-11-10 08:45,6,3,3,0,0,0
2024-11-10 09:00,1,0,1,0,0,0
2024-11-10 09:15,7,4,3,0,0,0
2024-11-10 09:30,8,2,6,0,0,0
2024-11-10 09:45,10,1,9,0,0,0
2024-11-10 10:00,12,4,8,0,0,0
2024-11-10 10:15,7,4,3,0,0,0
2024-11-10 10:30,12,6,6,0,0,0
2024-11-10 10:45,15,11,4,0,0,0
2024-11-10 11:00,18,9,9,0,0,0
2024-11-10 11:15,7,4,3,0,0,0
2024-11-10 11:30,12,6,6,0,0,0
2024-11-10 11:45,14,6,8,0,0,0
2024-11-10 12:00,13,4,9,0,0,0
2024-11-10 12:15,18,5,13,0,0,0
2024-11-10 12:30,18,11,7,0,0,0
2024-11-10 12:45,16,6,10,0,0,0
2024-11-10 13:00,16,6,10,0,0,0
2024-11-10 13:15,10,2,8,0,0,0
2024-11-10 13:30,9,7,2,0,0,0
2024-11-10 13:45,12,4,8,0,0,0
2024-11-10 14:00,11,1,10,0,0,0
2024-11-10 14:15,11,8,3,0,0,0
2024-11-10 14:30,1,1,0,0,0,0
2024-11-10 14:45,18,5,13,0,0,0
2024-11-10 15:00,13,10,3,0,0,0
2024-11-10 15:15,18,7,11,0,0,0
2024-11-10 15:30,14,5,9,0,0,0
2024-11-10 15:45,10,0,10,0,0,0
2024-11-10 16:00,17,10,7,0,0,0
2024-11-10 16:15,14,7,7,0,0,0
2024-11-10 16:30,16,4,12,0,0,0
2024-11-10 16:45,16,9,7,0,0,0
2024-11-10 17:00,20,12,8,0,0,0
2024-11-10 17:15,27,17,10,0,0,0
2024-11-10 17:30,22,19,3,0,0,0
2024-11-10 17:45,20,13,7,0,0,0
2024-11-10 18:00,8,3,5,0,0,0
2024-11-10 18:15,8,3,5,0,0,0
2024-11-10 18:30,6,4,2,0,0,0
2024-11-10 18:45,6,3,3,0,0,0
2024-11-10 19:00,11,5,6,0,0,0
2024-11-10 19:15,6,4,2,0,0,0
2024-11-10 19:30,10,1,9,0,0,0
2024-11-10 19:45,11,4,7,0,0,0
2024-11-10 20:00,25,3,22,0,0,0
2024-11-10 20:15,5,4,1,0,0,0
2024-11-10 20:30,6,1,5,0,0,0
2024-11-10 20:45,3,1,2,0,0,0
2024-11-10 21:00,2,0,2,0,0,0
2024-11-10 21:15,10,5,5,0,0,0
2024-11-10 21:30,5,5,0,0,0,0
2024-11-10 21:45,1,1,0,0,0,0
2024-11-10 22:00,4,3,1,0,0,0
2024-11-10 22:15,1,1,0,0,0,0
2024-11-10 22:30,0,0,0,0,0,0
2024-11-10 22:45,3,1,2,0,0,0
2024-11-10 23:00,1,1,0,0,0,0
2024-11-10 23:15,2,2,0,0,0,0
2024-11-10 23:30,1,0,1,0,0,0
2024-11-10 23:45,1,1,0,0,0,0
2024-11-11 00:00,1,1,0,0,0,0
2024-11-11 00:15,0,0,0,0,0,0
2024-11-11 00:30,1,1,0,0,0,0
2024-11-11 00:45,0,0,0,0,0,0
2024-11-11 01:00,0,0,0,0,0,0
2024-11-11 01:15,0,0,0,0,0,0
2024-11-11 01:30,1,0,1,0,0,0
2024-11-11 01:45,1,0,1,0,0,0
2024-11-11 02:00,0,0,0,0,0,0
2024-11-11 02:15,0,0,0,0,0,0
2024-11-11 02:30,0,0,0,0,0,0
2024-11-11 02:45,0,0,0,0,0,0
2024-11-11 03:00,0,0,0,0,0,0
2024-11-11 03:15,1,0,1,0,0,0
2024-11-11 03:30,1,1,0,0,0,0
2024-11-11 03:45,0,0,0,0,0,0
2024-11-11 04:00,0,0,0,0,0,0
2024-11-11 04:15,1,1,0,0,0,0
2024-11-11 04:30,4,2,2,0,0,0
2024-11-11 04:45,4,0,4,0,0,0
2024-11-11 05:00,2,0,2,0,0,0
2024-11-11 05:15,2,1,1,0,0,0
2024-11-11 05:30,1,1,0,0,0,0
2024-11-11 05:45,1,0,1,0,0,0
2024-11-11 06:00,5,1,4,0,0,0
2024-11-11 06:15,13,9,4,0,0,0
2024-11-11 06:30,9,3,6,0,0,0
2024-11-11 06:45,12,4,8,0,0,0
2024-11-11 07:00,18,2,16,0,0,0
2024-11-11 07:15,55,18,37,0,0,0
2024-11-11 07:30,119,14,105,0,0,0
2024-11-11 07:45,44,18,26,0,0,0
2024-11-11 08:00,33,9,24,0,0,0
2024-11-11 08:15,30,12,18,0,0,0
2024-11-11 08:30,27,10,17,0,0,0
2024-11-11 08:45,34,11,23,0,0,0
2024-11-11 09:00,13,4,9,0,0,0
2024-11-11 09:15,15,4,11,0,0,0
2024-11-11 09:30,14,3,11,0,0,0
2024-11-11 09:45,19,8,11,0,0,0
2024-11-11 10:00,12,5,7,0,0,0
2024-11-11 10:15,10,4,6,0,0,0
2024-11-11 10:30,9,3,6,0,0,0
2024-11-11 10:45,10,8,2,0,0,0
2024-11-11 11:00,19,9,10,0,0,0
2024-11-11 11:15,21,11,10,0,0,0
2024-11-11 11:30,22,10,12,0,0,0
2024-11-11 11:45,21,8,13,0,0,0
2024-11-11 12:00,17,9,8,0,0,0
2024-11-11 12:15,27,19,8,0,0,0
2024-11-11 12:30,21,12,9,0,0,0
2024-11-11 12:45,22,10,12,0,0,0
2024-11-11 13:00,25,17,8,0,0,0
2024-11-11 13:15,20,10,10,0,0,0
2024-11-11 13:30,14,5,9,0,0,0
2024-11-11 13:45,71,62,9,0,0,0
2024-11-11 14:00,34,19,15,0,0,0
2024-11-11 14:15,29,18,11,0,0,0
2024-11-11 14:30,29,12,17,0,0,0
2024-11-11 14:45,25,11,14,0,0,0
2024-11-11 15:00,21,12,9,0,0,0
2024-11-11 15:15,29,22,7,0,0,0
2024-11-11 15:30,32,23,9,0,0,0
2024-11-11 15:45,28,20,8,0,0,0
2024-11-11 16:00,47,29,18,0,0,0
2024-11-11 16:15,28,13,15,0,0,0
2024-11-11 16:30,27,17,10,0,0,0
2024-11-11 16:45,20,9,11,0,0,0
2024-11-11 17:00,28,16,12,0,0,0
2024-11-11 17:15,24,13,11,0,0,0
2024-11-11 17:30,31,21,10,0,0,0
2024-11-11 17:45,25,15,10,0,0,0
2024-11-11 18:00,30,18,12,0,0,0
2024-11-11 18:15,18,9,9,0,0,0
2024-11-11 18:30,19,10,9,0,0,0
2024-11-11 18:45,20,12,8,0,0,0
2024-11-11 19:00,18,8,10,0,0,0
2024-11-11 19:15,15,7,8,0,0,0
2024-11-11 19:30,11,10,1,0,0,0
2024-11-11 19:45,12,6,6,0,0,0
2024-11-11 20:00,8,7,1,0,0,0
2024-11-11 20:15,10,7,3,0,0,0
2024-11-11 20:30,13,5,8,0,0,0
2024-11-11 20:45,4,4,0,0,0,0
2024-11-11 21:00,6,6,0,0,0,0
2024-11-11 21:15,3,2,1,0,0,0
2024-11-11 21:30,6,5,1,0,0,0
2024-11-11 21:45,8,6,2,0,0,0
2024-11-11 22:00,7,3,4,0,0,0
2024-11-11 22:15,3,2,1,0,0,0
2024-11-11 22:30,1,1,0,0,0,0
2024-11-11 22:45,2,2,0,0,0,0
2024-11-11 23:00,2,1,1,0,0,0
2024-11-11 23:15,5,2,3,0,0,0
2024-11-11 23:30,4,2,2,0,0,0
2024-11-11 23:45,2,2,0,0,0,0
2024-11-12 00:00,0,0,0,0,0,0
2024-11-12 00:15,2,2,0,0,0,0
2024-11-12 00:30,2,1,1,0,0,0
2024-11-12 00:45,1,1,0,0,0,0
2024-11-12 01:00,2,0,2,0,0,0
2024-11-12 01:15,0,0,0,0,0,0
2024-11-12 01:30,1,0,1,0,0,0
2024-11-12 01:45,0,0,0,0,0,0
2024-11-12 02:00,1,0,1,0,0,0
2024-11-12 02:15,0,0,0,0,0,0
2024-11-12 02:30,1,1,0,0,0,0
2024-11-12 02:45,1,0,1,0,0,0
2024-11-12 03:00,0,0,0,0,0,0
2024-11-12 03:15,1,0,1,0,0,0
2024-11-12 03:30,0,0,0,0,0,0
2024-11-12 03:45,0,0,0,0,0,0
2024-11-12 04:00,1,1,0,0,0,0
2024-11-12 04:15,3,3,0,0,0,0
2024-11-12 04:30,1,0,1,0,0,0
2024-11-12 04:45,0,0,0,0,0,0
2024-11-12 05:00,1,1,0,0,0,0
2024-11-12 05:15,2,0,2,0,0,0
2024-11-12 05:30,0,0,0,0,0,0
2024-11-12 05:45,2,1,1,0,0,0
2024-11-12 06:00,7,1,6,0,0,0
2024-11-12 06:15,7,3,4,0,0,0
2024-11-12 06:30,17,5,12,0,0,0
2024-11-12 06:45,10,4,6,0,0,0
2024-11-12 07:00,24,7,17,0,0,0
2024-11-12 07:15,43,6,37,0,0,0
2024-11-12 07:30,141,21,120,0,0,0
2024-11-12 07:45,50,20,30,0,0,0
2024-11-12 08:00,41,19,22,0,0,0
2024-11-12 08:15,31,11,20,0,0,0
2024-11-12 08:30,35,10,25,0,0,0
2024-11-12 08:45,30,13,17,0,0,0
2024-11-12 09:00,17,9,8,0,0,0
2024-11-12 09:15,9,2,7,0,0,0
2024-11-12 09:30,18,5,13,0,0,0
2024-11-12 09:45,30,9,21,0,0,0
2024-11-12 10:00,29,14,15,0,0,0
2024-11-12 10:15,14,6,8,0,0,0
2024-11-12 10:30,14,6,8,0,0,0
2024-11-12 10:45,15,11,4,0,0,0
2024-11-12 11:00,15,6,9,0,0,0
2024-11-12 11:15,20,15,5,0,0,0
2024-11-12 11:30,26,11,15,0,0,0
2024-11-12 11:45,26,14,12,0,0,0
2024-11-12 12:00,20,13,7,0,0,0
2024-11-12 12:15,51,38,13,0,0,0
2024-11-12 12:30,49,32,17,0,0,0
2024-11-12 12:45,21,13,8,0,0,0
2024-11-12 13:00,18,10,8,0,0,0
2024-11-12 13:15,24,13,11,0,0,0
2024-11-12 13:30,23,16,7,0,0,0
2024-11-12 13:45,68,48,20,0,0,0
2024-11-12 14:00,33,16,17,0,0,0
2024-11-12 14:15,27,9,18,0,0,0
2024-11-12 14:30,27,16,11,0,0,0
2024-11-12 14:45,35,21,14,0,0,0
2024-11-12 15:00,27,19,8,0,0,0
2024-11-12 15:15,28,21,7,0,0,0
2024-11-12 15:30,47,24,23,0,0,0
2024-11-12 15:45,52,24,28,0,0,0
2024-11-12 16:00,52,34,18,0,0,0
2024-11-12 16:15,45,29,16,0,0,0
2024-11-12 16:30,39,26,13,0,0,0
2024-11-12 16:45,30,15,15,0,0,0
2024-11-12 17:00,43,25,18,0,0,0
2024-11-12 17:15,24,14,10,0,0,0
2024-11-12 17:30,35,18,17,0,0,0
2024-11-12 17:45,53,19,34,0,0,0
2024-11-12 18:00,35,13,22,0,0,0
2024-11-12 18:15,30,18,12,0,0,0
2024-11-12 18:30,23,10,13,0,0,0
2024-11-12 18:45,18,11,7,0,0,0
2024-11-12 19:00,18,9,9,0,0,0
2024-11-12 19:15,38,18,20,0,0,0
2024-11-12 19:30,15,11,4,0,0,0
2024-11-12 19:45,21,13,8,0,0,0
2024-11-12 20:00,17,9,8,0,0,0
2024-11-12 20:15,24,15,9,0,0,0
2024-11-12 20:30,21,16,5,0,0,0
2024-11-12 20:45,7,4,3,0,0,0
2024-11-12 21:00,12,10,2,0,0,0
2024-11-12 21:15,9,7,2,0,0,0
2024-11-12 21:30,14,9,5,0,0,0
2024-11-12 21:45,11,5,6,0,0,0
2024-11-12 22:00,8,8,0,0,0,0
2024-11-12 22:15,13,10,3,0,0,0
2024-11-12 22:30,8,5,3,0,0,0
2024-11-12 22:45,4,4,0,0,0,0
2024-11-12 23:00,0,0,0,0,0,0
2024-11-12 23:15,5,5,0,0,0,0
2024-11-12 23:30,3,2,1,0,0,0
2024-11-12 23:45,1,1,0,0,0,0
2024-11-13 00:00,3,1,2,0,0,0
2024-11-13 00:15,3,2,1,0,0,0
2024-11-13 00:30,0,0,0,0,0,0
2024-11-13 00:45,1,0,1,0,0,0
2024-11-13 01:00,1,0,1,0,0,0
2024-11-13 01:15,1,0,1,0,0,0
2024-11-13 01:30,1,1,0,0,0,0
2024-11-13 01:45,1,0,1,0,0,0
2024-11-13 02:00,1,0,1,0,0,0
2024-11-13 02:15,0,0,0,0,0,0
2024-11-13 02:30,0,0,0,0,0,0
2024-11-13 02:45,0,0,0,0,0,0
2024-11-13 03:00,0,0,0,0,0,0
2024-11-13 03:15,1,0,1,0,0,0
2024-11-13 03:30,0,0,0,0,0,0
2024-11-13 03:45,0,0,0,0,0,0
2024-11-13 04:00,1,0,1,0,0,0
2024-11-13 04:15,6,4,2,0,0,0
2024-11-13 04:30,4,0,4,0,0,0
2024-11-13 04:45,0,0,0,0,0,0
2024-11-13 05:00,3,1,2,0,0,0
2024-11-13 05:15,4,2,2,0,0,0
2024-11-13 05:30,2,1,1,0,0,0
2024-11-13 05:45,2,0,2,0,0,0
2024-11-13 06:00,3,0,3,0,0,0
2024-11-13 06:15,10,3,7,0,0,0
2024-11-13 06:30,11,5,6,0,0,0
2024-11-13 06:45,9,4,5,0,0,0
2024-11-13 07:00,20,7,13,0,0,0
2024-11-13 07:15,45,4,41,0,0,0
2024-11-13 07:30,132,18,114,0,0,0
2024-11-13 07:45,46,21,25,0,0,0
2024-11-13 08:00,32,13,19,0,0,0
2024-11-13 08:15,33,13,20,0,0,0
2024-11-13 08:30,34,11,23,0,0,0
2024-11-13 08:45,28,6,22,0,0,0
2024-11-13 09:00,18,6,12,0,0,0
2024-11-13 09:15,16,2,14,0,0,0
2024-11-13 09:30,25,4,21,0,0,0
2024-11-13 09:45,40,16,24,0,0,0
2024-11-13 10:00,30,12,18,0,0,0
2024-11-13 10:15,28,10,18,0,0,0
2024-11-13 10:30,38,9,29,0,0,0
2024-11-13 10:45,23,9,14,0,0,0
2024-11-13 11:00,26,12,14,0,0,0
2024-11-13 11:15,20,13,7,0,0,0
2024-11-13 11:30,20,8,12,0,0,0
2024-11-13 11:45,32,12,20,0,0,0
2024-11-13 12:00,16,5,11,0,0,0
2024-11-13 12:15,41,27,14,0,0,0
2024-11-13 12:30,42,26,16,0,0,0
2024-11-13 12:45,28,17,11,0,0,0
2024-11-13 13:00,16,8,8,0,0,0
2024-11-13 13:15,22,14,8,0,0,0
2024-11-13 13:30,20,11,9,0,0,0
2024-11-13 13:45,70,50,20,0,0,0
2024-11-13 14:00,33,19,14,0,0,0
2024-11-13 14:15,21,12,9,0,0,0
2024-11-13 14:30,22,13,9,0,0,0
2024-11-13 14:45,34,23,11,0,0,0
2024-11-13 15:00,39,27,12,0,0,0
2024-11-13 15:15,22,16,6,0,0,0
2024-11-13 15:30,22,10,12,0,0,0
2024-11-13 15:45,19,14,5,0,0,0
2024-11-13 16:00,31,19,12,0,0,0
2024-11-13 16:15,33,21,12,0,0,0
2024-11-13 16:30,49,27,22,0,0,0
2024-11-13 16:45,27,11,16,0,0,0
2024-11-13 17:00,29,22,7,0,0,0
2024-11-13 17:15,32,15,17,0,0,0
2024-11-13 17:30,38,15,23,0,0,0
2024-11-13 17:45,45,22,23,0,0,0
2024-11-13 18:00,38,27,11,0,0,0
2024-11-13 18:15,37,24,13,0,0,0
2024-11-13 18:30,35,16,19,0,0,0
2024-11-13 18:45,24,10,14,0,0,0
2024-11-13 19:00,8,4,4,0,0,0
2024-11-13 19:15,14,6,8,0,0,0
2024-11-13 19:30,18,8,10,0,0,0
2024-11-13 19:45,12,7,5,0,0,0
2024-11-13 20:00,13,8,5,0,0,0
2024-11-13 20:15,15,9,6,0,0,0
2024-11-13 20:30,13,7,6,0,0,0
2024-11-13 20:45,9,4,5,0,0,0
2024-11-13 21:00,10,7,3,0,0,0
2024-11-13 21:15,7,5,2,0,0,0
2024-11-13 21:30,8,7,1,0,0,0
2024-11-13 21:45,5,3,2,0,0,0
2024-11-13 22:00,0,0,0,0,0,0
2024-11-13 22:15,7,4,3,0,0,0
2024-11-13 22:30,10,9,1,0,0,0
2024-11-13 22:45,3,3,0,0,0,0
2024-11-13 23:00,3,2,1,0,0,0
2024-11-13 23:15,3,2,1,0,0,0
2024-11-13 23:30,2,1,1,0,0,0
2024-11-13 23:45,5,1,4,0,0,0
2024-11-14 00:00,2,2,0,0,0,0
2024-11-14 00:15,1,0,1,0,0,0
2024-11-14 00:30,0,0,0,0,0,0
2024-11-14 00:45,4,2,2,0,0,0
2024-11-14 01:00,0,0,0,0,0,0
2024-11-14 01:15,1,1,0,0,0,0
2024-11-14 01:30,6,4,2,0,0,0
2024-11-14 01:45,1,1,0,0,0,0
2024-11-14 02:00,1,0,1,0,0,0
2024-11-14 02:15,1,1,0,0,0,0
2024-11-14 02:30,0,0,0,0,0,0
2024-11-14 02:45,0,0,0,0,0,0
2024-11-14 03:00,0,0,0,0,0,0
2024-11-14 03:15,1,0,1,0,0,0
2024-11-14 03:30,0,0,0,0,0,0
2024-11-14 03:45,0,0,0,0,0,0
2024-11-14 04:00,0,0,0,0,0,0
2024-11-14 04:15,9,3,6,0,0,0
2024-11-14 04:30,2,1,1,0,0,0
2024-11-14 04:45,2,2,0,0,0,0
2024-11-14 05:00,3,1,2,0,0,0
2024-11-14 05:15,2,1,1,0,0,0
2024-11-14 05:30,5,2,3,0,0,0
2024-11-14 05:45,3,1,2,0,0,0
2024-11-14 06:00,7,3,4,0,0,0
2024-11-14 06:15,15,8,7,0,0,0
2024-11-14 06:30,8,2,6,0,0,0
2024-11-14 06:45,16,11,5,0,0,0
2024-11-14 07:00,15,5,10,0,0,0
2024-11-14 07:15,32,4,28,0,0,0
2024-11-14 07:30,111,23,88,0,0,0
2024-11-14 07:45,38,13,25,0,0,0
2024-11-14 08:00,42,15,27,0,0,0
2024-11-14 08:15,34,8,26,0,0,0
2024-11-14 08:30,39,11,28,0,0,0
2024-11-14 08:45,35,19,16,0,0,0
2024-11-14 09:00,17,8,9,0,0,0
2024-11-14 09:15,13,6,7,0,0,0
2024-11-14 09:30,18,3,15,0,0,0
2024-11-14 09:45,31,7,24,0,0,0
2024-11-14 10:00,16,6,10,0,0,0
2024-11-14 10:15,12,10,2,0,0,0
2024-11-14 10:30,17,6,11,0,0,0
2024-11-14 10:45,19,5,14,0,0,0
2024-11-14 11:00,19,12,7,0,0,0
2024-11-14 11:15,19,7,12,0,0,0
2024-11-14 11:30,14,7,7,0,0,0
2024-11-14 11:45,21,10,11,0,0,0
2024-11-14 12:00,28,16,12,0,0,0
2024-11-14 12:15,51,35,16,0,0,0
2024-11-14 12:30,32,19,13,0,0,0
2024-11-14 12:45,23,8,15,0,0,0
2024-11-14 13:00,35,21,14,0,0,0
2024-11-14 13:15,23,10,13,0,0,0
2024-11-14 13:30,28,17,11,0,0,0
2024-11-14 13:45,51,37,14,0,0,0
2024-11-14 14:00,27,13,14,0,0,0
2024-11-14 14:15,36,19,17,0,0,0
2024-11-14 14:30,38,26,12,0,0,0
2024-11-14 14:45,35,20,15,0,0,0
2024-11-14 15:00,40,22,18,0,0,0
2024-11-14 15:15,23,16,7,0,0,0
2024-11-14 15:30,37,17,20,0,0,0
2024-11-14 15:45,37,16,21,0,0,0
2024-11-14 16:00,48,32,16,0,0,0
2024-11-14 16:15,44,29,15,0,0,0
2024-11-14 16:30,45,24,21,0,0,0
2024-11-14 16:45,42,16,26,0,0,0
2024-11-14 17:00,32,24,8,0,0,0
2024-11-14 17:15,22,7,15,0,0,0
2024-11-14 17:30,37,21,16,0,0,0
2024-11-14 17:45,35,19,16,0,0,0
2024-11-14 18:00,35,26,9,0,0,0
2024-11-14 18:15,34,19,15,0,0,0
2024-11-14 18:30,19,6,13,0,0,0
2024-11-14 18:45,26,11,15,0,0,0
2024-11-14 19:00,23,12,11,0,0,0
2024-11-14 19:15,19,10,9,0,0,0
2024-11-14 19:30,19,7,12,0,0,0
2024-11-14 19:45,18,12,6,0,0,0
2024-11-14 20:00,12,7,5,0,0,0
2024-11-14 20:15,15,13,2,0,0,0
2024-11-14 20:30,10,8,2,0,0,0
2024-11-14 20:45,11,7,4,0,0,0
2024-11-14 21:00,7,3,4,0,0,0
2024-11-14 21:15,9,2,7,0,0,0
2024-11-14 21:30,5,4,1,0,0,0
2024-11-14 21:45,8,6,2,0,0,0
2024-11-14 22:00,5,2,3,0,0,0
2024-11-14 22:15,12,7,5,0,0,0
2024-11-14 22:30,10,8,2,0,0,0
2024-11-14 22:45,3,2,1,0,0,0
2024-11-14 23:00,3,1,2,0,0,0
2024-11-14 23:15,5,4,1,0,0,0
2024-11-14 23:30,3,3,0,0,0,0
2024-11-14 23:45,4,3,1,0,0,0
2024-11-15 00:00,0,0,0,0,0,0
2024-11-15 00:15,5,3,2,0,0,0
2024-11-15 00:30,0,0,0,0,0,0
2024-11-15 00:45,1,1,0,0,0,0
2024-11-15 01:00,2,2,0,0,0,0
2024-11-15 01:15,0,0,0,0,0,0
2024-11-15 01:30,0,0,0,0,0,0
2024-11-15 01:45,0,0,0,0,0,0
2024-11-15 02:00,1,0,1,0,0,0
2024-11-15 02:15,0,0,0,0,0,0
2024-11-15 02:30,0,0,0,0,0,0
2024-11-15 02:45,0,0,0,0,0,0
2024-11-15 03:00,0,0,0,0,0,0
2024-11-15 03:15,1,0,1,0,0,0
2024-11-15 03:30,0,0,0,0,0,0
2024-11-15 03:45,0,0,0,0,0,0
2024-11-15 04:00,0,0,0,0,0,0
2024-11-15 04:15,2,2,0,0,0,0
2024-11-15 04:30,6,1,5,0,0,0
2024-11-15 04:45,0,0,0,0,0,0
2024-11-15 05:00,4,3,1,0,0,0
2024-11-15 05:15,2,0,2,0,0,0
2024-11-15 05:30,3,1,2,0,0,0
2024-11-15 05:45,2,0,2,0,0,0
2024-11-15 06:00,2,1,1,0,0,0
2024-11-15 06:15,5,4,1,0,0,0
2024-11-15 06:30,6,4,2,0,0,0
2024-11-15 06:45,7,0,7,0,0,0
2024-11-15 07:00,18,6,12,0,0,0
2024-11-15 07:15,45,10,35,0,0,0
2024-11-15 07:30,129,19,110,0,0,0
2024-11-15 07:45,42,18,24,0,0,0
2024-11-15 08:00,40,13,27,0,0,0
2024-11-15 08:15,35,7,28,0,0,0
2024-11-15 08:30,22,11,11,0,0,0
2024-11-15 08:45,21,9,12,0,0,0
2024-11-15 09:00,19,3,16,0,0,0
2024-11-15 09:15,20,7,13,0,0,0
2024-11-15 09:30,54,17,37,0,0,0
2024-11-15 09:45,33,14,19,0,0,0
2024-11-15 10:00,32,9,23,0,0,0
2024-11-15 10:15,17,7,10,0,0,0
2024-11-15 10:30,19,11,8,0,0,0
2024-11-15 10:45,19,10,9,0,0,0
2024-11-15 11:00,13,6,7,0,0,0
2024-11-15 11:15,18,13,5,0,0,0
2024-11-15 11:30,21,11,10,0,0,0
2024-11-15 11:45,35,18,17,0,0,0
2024-11-15 12:00,30,10,20,0,0,0
2024-11-15 12:15,35,27,8,0,0,0
2024-11-15 12:30,35,21,14,0,0,0
2024-11-15 12:45,21,15,6,0,0,0
2024-11-15 13:00,22,13,9,0,0,0
2024-11-15 13:15,26,14,12,0,0,0
2024-11-15 13:30,29,14,15,0,0,0
2024-11-15 13:45,77,63,14,0,0,0
2024-11-15 14:00,33,23,10,0,0,0
2024-11-15 14:15,24,14,10,0,0,0
2024-11-15 14:30,26,11,15,0,0,0
2024-11-15 14:45,41,22,19,0,0,0
2024-11-15 15:00,32,19,13,0,0,0
2024-11-15 15:15,28,19,9,0,0,0
2024-11-15 15:30,34,17,17,0,0,0
2024-11-15 15:45,21,11,10,0,0,0
2024-11-15 16:00,29,14,15,0,0,0
2024-11-15 16:15,31,17,14,0,0,0
2024-11-15 16:30,24,15,9,0,0,0
2024-11-15 16:45,23,8,15,0,0,0
2024-11-15 17:00,30,12,18,0,0,0
2024-11-15 17:15,18,10,8,0,0,0
2024-11-15 17:30,25,9,16,0,0,0
2024-11-15 17:45,23,12,11,0,0,0
2024-11-15 18:00,22,14,8,0,0,0
2024-11-15 18:15,26,11,15,0,0,0
2024-11-15 18:30,20,9,11,0,0,0
2024-11-15 18:45,24,7,17,0,0,0
2024-11-15 19:00,14,9,5,0,0,0
2024-11-15 19:15,17,6,11,0,0,0
2024-11-15 19:30,9,4,5,0,0,0
2024-11-15 19:45,12,7,5,0,0,0
2024-11-15 20:00,14,6,8,0,0,0
2024-11-15 20:15,14,3,11,0,0,0
2024-11-15 20:30,15,9,6,0,0,0
2024-11-15 20:45,15,5,10,0,0,0
2024-11-15 21:00,4,0,4,0,0,0
2024-11-15 21:15,14,8,6,0,0,0
2024-11-15 21:30,9,6,3,0,0,0
2024-11-15 21:45,8,7,1,0,0,0
2024-11-15 22:00,7,6,1,0,0,0
2024-11-15 22:15,11,7,4,0,0,0
2024-11-15 22:30,5,2,3,0,0,0
2024-11-15 22:45,3,0,3,0,0,0
2024-11-15 23:00,3,2,1,0,0,0
2024-11-15 23:15,3,3,0,0,0,0
2024-11-15 23:30,7,3,4,0,0,0
2024-11-15 23:45,12,11,1,0,0,0
2024-11-16 00:00,4,3,1,0,0,0
2024-11-16 00:15,6,3,3,0,0,0
2024-11-16 00:30,5,2,3,0,0,0
2024-11-16 00:45,6,1,5,0,0,0
2024-11-16 01:00,1,0,1,0,0,0
2024-11-16 01:15,3,1,2,0,0,0
2024-11-16 01:30,7,1,6,0,0,0
2024-11-16 01:45,3,2,1,0,0,0
2024-11-16 02:00,5,1,4,0,0,0
2024-11-16 02:15,1,0,1,0,0,0
2024-11-16 02:30,2,2,0,0,0,0
2024-11-16 02:45,5,4,1,0,0,0
2024-11-16 03:00,2,0,2,0,0,0
2024-11-16 03:15,1,1,0,0,0,0
2024-11-16 03:30,4,4,0,0,0,0
2024-11-16 03:45,3,0,3,0,0,0
2024-11-16 04:00,2,1,1,0,0,0
2024-11-16 04:15,1,1,0,0,0,0
2024-11-16 04:30,2,2,0,0,0,0
2024-11-16 04:45,1,0,1,0,0,0
2024-11-16 05:00,0,0,0,0,0,0
2024-11-16 05:15,1,1,0,0,0,0
2024-11-16 05:30,2,1,1,0,0,0
2024-11-16 05:45,1,1,0,0,0,0
2024-11-16 06:00,0,0,0,0,0,0
2024-11-16 06:15,1,1,0,0,0,0
2024-11-16 06:30,2,2,0,0,0,0
2024-11-16 06:45,5,2,3,0,0,0
2024-11-16 07:00,0,0,0,0,0,0
2024-11-16 07:15,2,1,1,0,0,0
2024-11-16 07:30,8,0,8,0,0,0
2024-11-16 07:45,15,6,9,0,0,0
2024-11-16 08:00,11,7,4,0,0,0
2024-11-16 08:15,6,3,3,0,0,0
2024-11-16 08:30,6,3,3,0,0,0
2024-11-16 08:45,11,2,9,0,0,0
2024-11-16 09:00,24,15,9,0,0,0
2024-11-16 09:15,23,4,19,0,0,0
2024-11-16 09:30,14,3,11,0,0,0
2024-11-16 09:45,29,14,15,0,0,0
2024-11-16 10:00,20,9,11,0,0,0
2024-11-16 10:15,26,4,22,0,0,0
2024-11-16 10:30,22,9,13,0,0,0
2024-11-16 10:45,25,9,16,0,0,0
2024-11-16 11:00,24,12,12,0,0,0
2024-11-16 11:15,19,9,10,0,0,0
2024-11-16 11:30,20,7,13,0,0,0
2024-11-16 11:45,24,6,18,0,0,0
2024-11-16 12:00,27,14,13,0,0,0
2024-11-16 12:15,24,6,18,0,0,0
2024-11-16 12:30,26,10,16,0,0,0
2024-11-16 12:45,19,3,16,0,0,0
2024-11-16 13:00,31,18,13,0,0,0
2024-11-16 13:15,28,10,18,0,0,0
2024-11-16 13:30,17,7,10,0,0,0
2024-11-16 13:45,27,14,13,0,0,0
2024-11-16 14:00,21,11,10,0,0,0
2024-11-16 14:15,16,8,8,0,0,0
2024-11-16 14:30,22,11,11,0,0,0
2024-11-16 14:45,22,10,12,0,0,0
2024-11-16 15:00,26,14,12,0,0,0
2024-11-16 15:15,22,13,9,0,0,0
2024-11-16 15:30,26,16,10,0,0,0
2024-11-16 15:45,23,7,16,0,0,0
2024-11-16 16:00,30,15,15,0,0,0
2024-11-16 16:15,13,7,6,0,0,0
2024-11-16 16:30,18,11,7,0,0,0
2024-11-16 16:45,13,9,4,0,0,0
2024-11-16 17:00,16,8,8,0,0,0
2024-11-16 17:15,12,6,6,0,0,0
2024-11-16 17:30,17,6,11,0,0,0
2024-11-16 17:45,14,4,10,0,0,0
2024-11-16 18:00,16,8,8,0,0,0
2024-11-16 18:15,10,5,5,0,0,0
2024-11-16 18:30,18,8,10,0,0,0
2024-11-16 18:45,14,4,10,0,0,0
2024-11-16 19:00,20,10,10,0,0,0
2024-11-16 19:15,18,11,7,0,0,0
2024-11-16 19:30,17,5,12,0,0,0
2024-11-16 19:45,4,2,2,0,0,0
2024-11-16 20:00,10,5,5,0,0,0
2024-11-16 20:15,13,8,5,0,0,0
2024-11-16 20:30,8,5,3,0,0,0
2024-11-16 20:45,6,4,2,0,0,0
2024-11-16 21:00,7,3,4,0,0,0
2024-11-16 21:15,6,5,1,0,0,0
2024-11-16 21:30,5,5,0,0,0,0
2024-11-16 21:45,10,4,6,0,0,0
2024-11-16 22:00,3,1,2,0,0,0
2024-11-16 22:15,2,1,1,0,0,0
2024-11-16 22:30,9,3,6,0,0,0
2024-11-16 22:45,9,4,5,0,0,0
2024-11-16 23:00,12,11,1,0,0,0
2024-11-16 23:15,2,2,0,0,0,0
2024-11-16 23:30,9,9,0,0,0,0
2024-11-16 23:45,1,1,0,0,0,0
2024-11-17 00:00,3,0,3,0,0,0
2024-11-17 00:15,10,7,3,0,0,0
2024-11-17 00:30,2,1,1,0,0,0
2024-11-17 00:45,1,1,0,0,0,0
2024-11-17 01:00,4,2,2,0,0,0
2024-11-17 01:15,0,0,0,0,0,0
2024-11-17 01:30,4,2,2,0,0,0
2024-11-17 01:45,2,0,2,0,0,0
2024-11-17 02:00,2,2,0,0,0,0
2024-11-17 02:15,3,1,2,0,0,0
2024-11-17 02:30,1,0,1,0,0,0
2024-11-17 02:45,0,0,0,0,0,0
2024-11-17 03:00,3,3,0,0,0,0
2024-11-17 03:15,1,1,0,0,0,0
2024-11-17 03:30,1,0,1,0,0,0
2024-11-17 03:45,0,0,0,0,0,0
2024-11-17 04:00,1,0,1,0,0,0
2024-11-17 04:15,0,0,0,0,0,0
2024-11-17 04:30,1,1,0,0,0,0
2024-11-17 04:45,0,0,0,0,0,0
2024-11-17 05:00,0,0,0,0,0,0
2024-11-17 05:15,0,0,0,0,0,0
2024-11-17 05:30,1,1,0,0,0,0
2024-11-17 05:45,1,1,0,0,0,0
2024-11-17 06:00,1,1,0,0,0,0
2024-11-17 06:15,1,1,0,0,0,0
2024-11-17 06:30,2,2,0,0,0,0
2024-11-17 06:45,1,0,1,0,0,0
2024-11-17 07:00,0,0,0,0,0,0
2024-11-17 07:15,1,1,0,0,0,0
2024-11-17 07:30,0,0,0,0,0,0
2024-11-17 07:45,2,1,1,0,0,0
2024-11-17 08:00,1,1,0,0,0,0
2024-11-17 08:15,4,1,3,0,0,0
2024-11-17 08:30,4,2,2,0,0,0
2024-11-17 08:45,5,1,4,0,0,0
2024-11-17 09:00,6,4,2,0,0,0
2024-11-17 09:15,2,0,2,0,0,0
2024-11-17 09:30,5,3,2,0,0,0
2024-11-17 09:45,10,1,9,0,0,0
2024-11-17 10:00,10,8,2,0,0,0
2024-11-17 10:15,17,7,10,0,0,0
2024-11-17 10:30,11,8,3,0,0,0
2024-11-17 10:45,22,7,15,0,0,0
2024-11-17 11:00,4,1,3,0,0,0
2024-11-17 11:15,5,3,2,0,0,0
2024-11-17 11:30,5,2,3,0,0,0
2024-11-17 11:45,6,3,3,0,0,0
2024-11-17 12:00,9,4,5,0,0,0
2024-11-17 12:15,10,4,6,0,0,0
2024-11-17 12:30,9,3,6,0,0,0
2024-11-17 12:45,4,4,0,0,0,0
2024-11-17 13:00,11,6,5,0,0,0
2024-11-17 13:15,6,5,1,0,0,0
2024-11-17 13:30,15,11,4,0,0,0
2024-11-17 13:45,19,5,14,0,0,0
2024-11-17 14:00,9,5,4,0,0,0
2024-11-17 14:15,14,7,7,0,0,0
2024-11-17 14:30,9,4,5,0,0,0
2024-11-17 14:45,24,11,13,0,0,0
2024-11-17 15:00,18,5,13,0,0,0
2024-11-17 15:15,8,5,3,0,0,0
2024-11-17 15:30,19,12,7,0,0,0
2024-11-17 15:45,20,11,9,0,0,0
2024-11-17 16:00,25,11,14,0,0,0
2024-11-17 16:15,15,2,13,0,0,0
2024-11-17 16:30,4,0,4,0,0,0
2024-11-17 16:45,19,13,6,0,0,0
2024-11-17 17:00,18,5,13,0,0,0
2024-11-17 17:15,13,4,9,0,0,0
2024-11-17 17:30,26,11,15,0,0,0
2024-11-17 17:45,19,4,15,0,0,0
2024-11-17 18:00,6,2,4,0,0,0
2024-11-17 18:15,7,4,3,0,0,0
2024-11-17 18:30,12,7,5,0,0,0
2024-11-17 18:45,6,5,1,0,0,0
2024-11-17 19:00,13,10,3,0,0,0
2024-11-17 19:15,5,2,3,0,0,0
2024-11-17 19:30,2,2,0,0,0,0
2024-11-17 19:45,1,1,0,0,0,0
2024-11-17 20:00,4,1,3,0,0,0
2024-11-17 20:15,5,3,2,0,0,0
2024-11-17 20:30,4,2,2,0,0,0
2024-11-17 20:45,1,0,1,0,0,0
2024-11-17 21:00,7,2,5,0,0,0
2024-11-17 21:15,2,1,1,0,0,0
2024-11-17 21:30,1,0,1,0,0,0
2024-11-17 21:45,3,2,1,0,0,0
2024-11-17 22:00,4,3,1,0,0,0
2024-11-17 22:15,4,1,3,0,0,0
2024-11-17 22:30,2,2,0,0,0,0
2024-11-17 22:45,1,0,1,0,0,0
2024-11-17 23:00,2,2,0,0,0,0
2024-11-17 23:15,1,1,0,0,0,0
2024-11-17 23:30,1,0,1,0,0,0
2024-11-17 23:45,4,2,2,0,0,0
2024-11-18 00:00,0,0,0,0,0,0
2024-11-18 00:15,0,0,0,0,0,0
2024-11-18 00:30,0,0,0,0,0,0
2024-11-18 00:45,2,2,0,0,0,0
2024-11-18 01:00,1,0,1,0,0,0
2024-11-18 01:15,0,0,0,0,0,0
2024-11-18 01:30,1,0,1,0,0,0
2024-11-18 01:45,0,0,0,0,0,0
2024-11-18 02:00,1,0,1,0,0,0
2024-11-18 02:15,0,0,0,0,0,0
2024-11-18 02:30,0,0,0,0,0,0
2024-11-18 02:45,0,0,0,0,0,0
2024-11-18 03:00,0,0,0,0,0,0
2024-11-18 03:15,2,0,2,0,0,0
2024-11-18 03:30,0,0,0,0,0,0
2024-11-18 03:45,0,0,0,0,0,0
2024-11-18 04:00,2,2,0,0,0,0
2024-11-18 04:15,1,1,0,0,0,0
2024-11-18 04:30,7,3,4,0,0,0
2024-11-18 04:45,0,0,0,0,0,0
2024-11-18 05:00,3,2,1,0,0,0
2024-11-18 05:15,2,1,1,0,0,0
2024-11-18 05:30,0,0,0,0,0,0
2024-11-18 05:45,3,0,3,0,0,0
2024-11-18 06:00,4,1,3,0,0,0
2024-11-18 06:15,6,4,2,0,0,0
2024-11-18 06:30,9,4,5,0,0,0
2024-11-18 06:45,15,2,13,0,0,0
2024-11-18 07:00,19,4,15,0,0,0
2024-11-18 07:15,40,7,33,0,0,0
2024-11-18 07:30,131,29,102,0,0,0
2024-11-18 07:45,54,18,36,0,0,0
2024-11-18 08:00,35,10,25,0,0,0
2024-11-18 08:15,21,7,14,0,0,0
2024-11-18 08:30,45,21,24,0,0,0
2024-11-18 08:45,34,17,17,0,0,0
2024-11-18 09:00,22,5,17,0,0,0
2024-11-18 09:15,26,9,17,0,0,0
2024-11-18 09:30,25,12,13,0,0,0
2024-11-18 09:45,21,9,12,0,0,0
2024-11-18 10:00,22,7,15,0,0,0
2024-11-18 10:15,16,8,8,0,0,0
2024-11-18 10:30,18,7,11,0,0,0
2024-11-18 10:45,14,6,8,0,0,0
2024-11-18 11:00,19,6,13,0,0,0
2024-11-18 11:15,22,11,11,0,0,0
2024-11-18 11:30,22,10,12,0,0,0
2024-11-18 11:45,27,10,17,0,0,0
2024-11-18 12:00,20,10,10,0,0,0
2024-11-18 12:15,23,16,7,0,0,0
2024-11-18 12:30,27,18,9,0,0,0
2024-11-18 12:45,17,12,5,0,0,0
2024-11-18 13:00,23,15,8,0,0,0
2024-11-18 13:15,24,17,7,0,0,0
2024-11-18 13:30,16,5,11,0,0,0
2024-11-18 13:45,80,69,11,0,0,0
2024-11-18 14:00,32,24,8,0,0,0
2024-11-18 14:15,21,11,10,0,0,0
2024-11-18 14:30,39,26,13,0,0,0
2024-11-18 14:45,30,10,20,0,0,0
2024-11-18 15:00,42,29,13,0,0,0
2024-11-18 15:15,33,21,12,0,0,0
2024-11-18 15:30,37,26,11,0,0,0
2024-11-18 15:45,30,15,15,0,0,0
2024-11-18 16:00,39,22,17,0,0,0
2024-11-18 16:15,36,14,22,0,0,0
2024-11-18 16:30,25,12,13,0,0,0
2024-11-18 16:45,32,16,16,0,0,0
2024-11-18 17:00,41,26,15,0,0,0
2024-11-18 17:15,24,14,10,0,0,0
2024-11-18 17:30,29,14,15,0,0,0
2024-11-18 17:45,37,17,20,0,0,0
2024-11-18 18:00,28,17,11,0,0,0
2024-11-18 18:15,31,19,12,0,0,0
2024-11-18 18:30,18,10,8,0,0,0
2024-11-18 18:45,18,10,8,0,0,0
2024-11-18 19:00,25,9,16,0,0,0
2024-11-18 19:15,21,8,13,0,0,0
2024-11-18 19:30,19,8,11,0,0,0
2024-11-18 19:45,24,13,11,0,0,0
2024-11-18 20:00,16,9,7,0,0,0
2024-11-18 20:15,9,7,2,0,0,0
2024-11-18 20:30,8,5,3,0,0,0
2024-11-18 20:45,7,4,3,0,0,0
2024-11-18 21:00,11,8,3,0,0,0
2024-11-18 21:15,8,5,3,0,0,0
2024-11-18 21:30,7,3,4,0,0,0
2024-11-18 21:45,6,3,3,0,0,0
2024-11-18 22:00,5,3,2,0,0,0
2024-11-18 22:15,4,3,1,0,0,0
2024-11-18 22:30,5,3,2,0,0,0
2024-11-18 22:45,4,4,0,0,0,0
2024-11-18 23:00,3,2,1,0,0,0
2024-11-18 23:15,3,3,0,0,0,0
2024-11-18 23:30,0,0,0,0,0,0
2024-11-18 23:45,2,1,1,0,0,0
2024-11-19 00:00,1,0,1,0,0,0
2024-11-19 00:15,1,1,0,0,0,0
2024-11-19 00:30,1,0,1,0,0,0
2024-11-19 00:45,0,0,0,0,0,0
2024-11-19 01:00,0,0,0,0,0,0
2024-11-19 01:15,0,0,0,0,0,0
2024-11-19 01:30,0,0,0,0,0,0
2024-11-19 01:45,0,0,0,0,0,0
2024-11-19 02:00,2,1,1,0,0,0
2024-11-19 02:15,0,0,0,0,0,0
2024-11-19 02:30,0,0,0,0,0,0
2024-11-19 02:45,0,0,0,0,0,0
2024-11-19 03:00,0,0,0,0,0,0
2024-11-19 03:15,1,0,1,0,0,0
2024-11-19 03:30,0,0,0,0,0,0
2024-11-19 03:45,1,1,0,0,0,0
2024-11-19 04:00,0,0,0,0,0,0
2024-11-19 04:15,2,1,1,0,0,0
2024-11-19 04:30,0,0,0,0,0,0
2024-11-19 04:45,1,0,1,0,0,0
2024-11-19 05:00,2,2,0,0,0,0
2024-11-19 05:15,1,1,0,0,0,0
2024-11-19 05:30,6,3,3,0,0,0
2024-11-19 05:45,4,1,3,0,0,0
2024-11-19 06:00,4,2,2,0,0,0
2024-11-19 06:15,7,4,3,0,0,0
2024-11-19 06:30,8,3,5,0,0,0
2024-11-19 06:45,5,2,3,0,0,0
2024-11-19 07:00,18,5,13,0,0,0
2024-11-19 07:15,30,2,28,0,0,0
2024-11-19 07:30,108,12,96,0,0,0
2024-11-19 07:45,32,14,18,0,0,0
2024-11-19 08:00,26,9,17,0,0,0
2024-11-19 08:15,25,4,21,0,0,0
2024-11-19 08:30,22,14,8,0,0,0
2024-11-19 08:45,20,9,11,0,0,0
2024-11-19 09:00,12,4,8,0,0,0
2024-11-19 09:15,19,10,9,0,0,0
2024-11-19 09:30,12,3,9,0,0,0
2024-11-19 09:45,20,6,14,0,0,0
2024-11-19 10:00,18,5,13,0,0,0
2024-11-19 10:15,13,3,10,0,0,0
2024-11-19 10:30,11,6,5,0,0,0
2024-11-19 10:45,18,6,12,0,0,0
2024-11-19 11:00,11,8,3,0,0,0
2024-11-19 11:15,27,13,14,0,0,0
2024-11-19 11:30,17,7,10,0,0,0
2024-11-19 11:45,21,15,6,0,0,0
2024-11-19 12:00,14,10,4,0,0,0
2024-11-19 12:15,27,21,6,0,0,0
2024-11-19 12:30,34,27,7,0,0,0
2024-11-19 12:45,19,11,8,0,0,0
2024-11-19 13:00,9,5,4,0,0,0
2024-11-19 13:15,14,5,9,0,0,0
2024-11-19 13:30,22,15,7,0,0,0
2024-11-19 13:45,50,47,3,0,0,0
2024-11-19 14:00,21,15,6,0,0,0
2024-11-19 14:15,15,5,10,0,0,0
2024-11-19 14:30,22,19,3,0,0,0
2024-11-19 14:45,16,12,4,0,0,0
2024-11-19 15:00,24,18,6,0,0,0
2024-11-19 15:15,18,10,8,0,0,0
2024-11-19 15:30,20,12,8,0,0,0
2024-11-19 15:45,20,7,13,0,0,0
2024-11-19 16:00,23,14,9,0,0,0
2024-11-19 16:15,21,16,5,0,0,0
2024-11-19 16:30,22,11,11,0,0,0
2024-11-19 16:45,23,12,11,0,0,0
2024-11-19 17:00,18,8,10,0,0,0
2024-11-19 17:15,18,15,3,0,0,0
2024-11-19 17:30,29,11,18,0,0,0
2024-11-19 17:45,20,7,13,0,0,0
2024-11-19 18:00,34,19,15,0,0,0
2024-11-19 18:15,27,15,12,0,0,0
2024-11-19 18:30,19,11,8,0,0,0
2024-11-19 18:45,14,7,7,0,0,0
2024-11-19 19:00,16,6,10,0,0,0
2024-11-19 19:15,16,6,10,0,0,0
2024-11-19 19:30,21,10,11,0,0,0
2024-11-19 19:45,15,6,9,0,0,0
2024-11-19 20:00,20,15,5,0,0,0
2024-11-19 20:15,8,6,2,0,0,0
2024-11-19 20:30,6,4,2,0,0,0
2024-11-19 20:45,6,3,3,0,0,0
2024-11-19 21:00,7,3,4,0,0,0
2024-11-19 21:15,13,8,5,0,0,0
2024-11-19 21:30,5,3,2,0,0,0
2024-11-19 21:45,7,5,2,0,0,0
2024-11-19 22:00,12,8,4,0,0,0
2024-11-19 22:15,5,2,3,0,0,0
2024-11-19 22:30,6,3,3,0,0,0
2024-11-19 22:45,7,6,1,0,0,0
2024-11-19 23:00,2,0,2,0,0,0
2024-11-19 23:15,1,1,0,0,0,0
2024-11-19 23:30,4,4,0,0,0,0
2024-11-19 23:45,0,0,0,0,0,0
2024-11-20 00:00,4,2,2,0,0,0
2024-11-20 00:15,1,0,1,0,0,0
2024-11-20 00:30,0,0,0,0,0,0
2024-11-20 00:45,0,0,0,0,0,0
2024-11-20 01:00,1,1,0,0,0,0
2024-11-20 01:15,0,0,0,0,0,0
2024-11-20 01:30,1,1,0,0,0,0
2024-11-20 01:45,1,0,1,0,0,0
2024-11-20 02:00,1,1,0,0,0,0
2024-11-20 02:15,1,0,1,0,0,0
2024-11-20 02:30,0,0,0,0,0,0
2024-11-20 02:45,0,0,0,0,0,0
2024-11-20 03:00,0,0,0,0,0,0
2024-11-20 03:15,2,1,1,0,0,0
2024-11-20 03:30,0,0,0,0,0,0
2024-11-20 03:45,1,0,1,0,0,0
2024-11-20 04:00,0,0,0,0,0,0
2024-11-20 04:15,2,0,2,0,0,0
2024-11-20 04:30,4,1,3,0,0,0
2024-11-20 04:45,1,1,0,0,0,0
2024-11-20 05:00,2,1,1,0,0,0
2024-11-20 05:15,2,1,1,0,0,0
2024-11-20 05:30,6,2,4,0,0,0
2024-11-20 05:45,4,2,2,0,0,0
2024-11-20 06:00,5,1,4,0,0,0
2024-11-20 06:15,9,5,4,0,0,0
2024-11-20 06:30,6,3,3,0,0,0
2024-11-20 06:45,18,7,11,0,0,0
2024-11-20 07:00,13,4,9,0,0,0
2024-11-20 07:15,45,7,38,0,0,0
2024-11-20 07:30,124,23,101,0,0,0
2024-11-20 07:45,31,13,18,0,0,0
2024-11-20 08:00,33,11,22,0,0,0
2024-11-20 08:15,32,13,19,0,0,0
2024-11-20 08:30,38,10,28,0,0,0
2024-11-20 08:45,37,16,21,0,0,0
2024-11-20 09:00,16,9,7,0,0,0
2024-11-20 09:15,19,8,11,0,0,0
2024-11-20 09:30,19,2,17,0,0,0
2024-11-20 09:45,32,13,19,0,0,0
2024-11-20 10:00,19,6,13,0,0,0
2024-11-20 10:15,26,14,12,0,0,0
2024-11-20 10:30,20,7,13,0,0,0
2024-11-20 10:45,17,7,10,0,0,0
2024-11-20 11:00,23,10,13,0,0,0
2024-11-20 11:15,28,10,18,0,0,0
2024-11-20 11:30,15,6,9,0,0,0
2024-11-20 11:45,20,12,8,0,0,0
2024-11-20 12:00,27,11,16,0,0,0
2024-11-20 12:15,26,19,7,0,0,0
2024-11-20 12:30,23,15,8,0,0,0
2024-11-20 12:45,23,11,12,0,0,0
2024-11-20 13:00,12,8,4,0,0,0
2024-11-20 13:15,26,15,11,0,0,0
2024-11-20 13:30,15,7,8,0,0,0
2024-11-20 13:45,66,58,8,0,0,0
2024-11-20 14:00,27,16,11,0,0,0
2024-11-20 14:15,14,7,7,0,0,0
2024-11-20 14:30,26,20,6,0,0,0
2024-11-20 14:45,33,24,9,0,0,0
2024-11-20 15:00,41,26,15,0,0,0
2024-11-20 15:15,26,8,18,0,0,0
2024-11-20 15:30,29,18,11,0,0,0
2024-11-20 15:45,15,8,7,0,0,0
2024-11-20 16:00,19,11,8,0,0,0
2024-11-20 16:15,25,18,7,0,0,0
2024-11-20 16:30,29,20,9,0,0,0
2024-11-20 16:45,22,10,12,0,0,0
2024-11-20 17:00,26,12,14,0,0,0
2024-11-20 17:15,20,11,9,0,0,0
2024-11-20 17:30,27,19,8,0,0,0
2024-11-20 17:45,25,10,15,0,0,0
2024-11-20 18:00,19,12,7,0,0,0
2024-11-20 18:15,17,14,3,0,0,0
2024-11-20 18:30,11,5,6,0,0,0
2024-11-20 18:45,29,15,14,0,0,0
2024-11-20 19:00,12,5,7,0,0,0
2024-11-20 19:15,23,17,6,0,0,0
2024-11-20 19:30,12,8,4,0,0,0
2024-11-20 19:45,13,7,6,0,0,0
2024-11-20 20:00,14,5,9,0,0,0
2024-11-20 20:15,8,6,2,0,0,0
2024-11-20 20:30,10,7,3,0,0,0
2024-11-20 20:45,10,4,6,0,0,0
2024-11-20 21:00,10,10,0,0,0,0
2024-11-20 21:15,14,10,4,0,0,0
2024-11-20 21:30,5,4,1,0,0,0
2024-11-20 21:45,10,5,5,0,0,0
2024-11-20 22:00,2,1,1,0,0,0
2024-11-20 22:15,9,5,4,0,0,0
2024-11-20 22:30,4,2,2,0,0,0
2024-11-20 22:45,8,8,0,0,0,0
2024-11-20 23:00,2,0,2,0,0,0
2024-11-20 23:15,3,1,2,0,0,0
2024-11-20 23:30,0,0,0,0,0,0
2024-11-20 23:45,8,5,3,0,0,0
2024-11-21 00:00,8,5,3,0,0,0
2024-11-21 00:15,0,0,0,0,0,0
2024-11-21 00:30,0,0,0,0,0,0
2024-11-21 00:45,0,0,0,0,0,0
2024-11-21 01:00,2,1,1,0,0,0
2024-11-21 01:15,1,1,0,0,0,0
2024-11-21 01:30,1,1,0,0,0,0
2024-11-21 01:45,2,1,1,0,0,0
2024-11-21 02:00,2,0,2,0,0,0
2024-11-21 02:15,0,0,0,0,0,0
2024-11-21 02:30,3,2,1,0,0,0
2024-11-21 02:45,0,0,0,0,0,0
2024-11-21 03:00,1,0,1,0,0,0
2024-11-21 03:15,1,0,1,0,0,0
2024-11-21 03:30,0,0,0,0,0,0
2024-11-21 03:45,1,1,0,0,0,0
2024-11-21 04:00,1,1,0,0,0,0
2024-11-21 04:15,2,1,1,0,0,0
2024-11-21 04:30,8,4,4,0,0,0
2024-11-21 04:45,0,0,0,0,0,0
2024-11-21 05:00,3,1,2,0,0,0
2024-11-21 05:15,4,3,1,0,0,0
2024-11-21 05:30,2,2,0,0,0,0
2024-11-21 05:45,0,0,0,0,0,0
2024-11-21 06:00,4,1,3,0,0,0
2024-11-21 06:15,15,10,5,0,0,0
2024-11-21 06:30,9,4,5,0,0,0
2024-11-21 06:45,9,5,4,0,0,0
2024-11-21 07:00,14,5,9,0,0,0
2024-11-21 07:15,49,7,42,0,0,0
2024-11-21 07:30,127,14,113,0,0,0
2024-11-21 07:45,31,14,17,0,0,0
2024-11-21 08:00,39,7,32,0,0,0
2024-11-21 08:15,29,10,19,0,0,0
2024-11-21 08:30,32,12,20,0,0,0
2024-11-21 08:45,33,12,21,0,0,0
2024-11-21 09:00,25,13,12,0,0,0
2024-11-21 09:15,14,4,10,0,0,0
2024-11-21 09:30,19,3,16,0,0,0
2024-11-21 09:45,30,11,19,0,0,0
2024-11-21 10:00,18,6,12,0,0,0
2024-11-21 10:15,11,3,8,0,0,0
2024-11-21 10:30,12,6,6,0,0,0
2024-11-21 10:45,33,14,19,0,0,0
2024-11-21 11:00,27,8,19,0,0,0
2024-11-21 11:15,20,9,11,0,0,0
2024-11-21 11:30,14,9,5,0,0,0
2024-11-21 11:45,26,7,19,0,0,0
2024-11-21 12:00,23,12,11,0,0,0
2024-11-21 12:15,25,16,9,0,0,0
2024-11-21 12:30,44,33,11,0,0,0
2024-11-21 12:45,20,13,7,0,0,0
2024-11-21 13:00,12,7,5,0,0,0
2024-11-21 13:15,16,10,6,0,0,0
2024-11-21 13:30,22,14,8,0,0,0
2024-11-21 13:45,72,54,18,0,0,0
2024-11-21 14:00,22,10,12,0,0,0
2024-11-21 14:15,48,25,23,0,0,0
2024-11-21 14:30,36,16,20,0,0,0
2024-11-21 14:45,21,11,10,0,0,0
2024-11-21 15:00,35,24,11,0,0,0
2024-11-21 15:15,44,17,27,0,0,0
2024-11-21 15:30,32,13,19,0,0,0
2024-11-21 15:45,61,28,33,0,0,0
2024-11-21 16:00,49,20,29,0,0,0
2024-11-21 16:15,40,27,13,0,0,0
2024-11-21 16:30,30,16,14,0,0,0
2024-11-21 16:45,38,26,12,0,0,0
2024-11-21 17:00,43,24,19,0,0,0
2024-11-21 17:15,29,18,11,0,0,0
2024-11-21 17:30,45,26,19,0,0,0
2024-11-21 17:45,53,29,24,0,0,0
2024-11-21 18:00,31,22,9,0,0,0
2024-11-21 18:15,44,31,13,0,0,0
2024-11-21 18:30,32,24,8,0,0,0
2024-11-21 18:45,28,23,5,0,0,0
2024-11-21 19:00,15,6,9,0,0,0
2024-11-21 19:15,17,7,10,0,0,0
2024-11-21 19:30,12,6,6,0,0,0
2024-11-21 19:45,16,11,5,0,0,0
2024-11-21 20:00,16,7,9,0,0,0
2024-11-21 20:15,13,8,5,0,0,0
2024-11-21 20:30,5,2,3,0,0,0
2024-11-21 20:45,16,5,11,0,0,0
2024-11-21 21:00,4,2,2,0,0,0
2024-11-21 21:15,12,8,4,0,0,0
2024-11-21 21:30,9,8,1,0,0,0
2024-11-21 21:45,6,5,1,0,0,0
2024-11-21 22:00,14,10,4,0,0,0
2024-11-21 22:15,7,4,3,0,0,0
2024-11-21 22:30,8,3,5,0,0,0
2024-11-21 22:45,4,1,3,0,0,0
2024-11-21 23:00,3,2,1,0,0,0
2024-11-21 23:15,3,0,3,0,0,0
2024-11-21 23:30,10,7,3,0,0,0
2024-11-21 23:45,2,2,0,0,0,0
2024-11-22 00:00,4,3,1,0,0,0
2024-11-22 00:15,1,0,1,0,0,0
2024-11-22 00:30,1,0,1,0,0,0
2024-11-22 00:45,1,0,1,0,0,0
2024-11-22 01:00,0,0,0,0,0,0
2024-11-22 01:15,2,2,0,0,0,0
2024-11-22 01:30,2,2,0,0,0,0
2024-11-22 01:45,1,1,0,0,0,0
2024-11-22 02:00,3,1,2,0,0,0
2024-11-22 02:15,0,0,0,0,0,0
2024-11-22 02:30,0,0,0,0,0,0
2024-11-22 02:45,1,1,0,0,0,0
2024-11-22 03:00,1,1,0,0,0,0
2024-11-22 03:15,1,0,1,0,0,0
2024-11-22 03:30,0,0,0,0,0,0
2024-11-22 03:45,0,0,0,0,0,0
2024-11-22 04:00,0,0,0,0,0,0
2024-11-22 04:15,0,0,0,0,0,0
2024-11-22 04:30,3,2,1,0,0,0
2024-11-22 04:45,1,0,1,0,0,0
2024-11-22 05:00,3,2,1,0,0,0
2024-11-22 05:15,1,0,1,0,0,0
2024-11-22 05:30,7,2,5,0,0,0
2024-11-22 05:45,0,0,0,0,0,0
2024-11-22 06:00,3,1,2,0,0,0
2024-11-22 06:15,10,6,4,0,0,0
2024-11-22 06:30,8,3,5,0,0,0
2024-11-22 06:45,4,2,2,0,0,0
2024-11-22 07:00,12,6,6,0,0,0
2024-11-22 07:15,36,7,29,0,0,0
2024-11-22 07:30,86,10,76,0,0,0
2024-11-22 07:45,28,9,19,0,0,0
2024-11-22 08:00,39,18,21,0,0,0
2024-11-22 08:15,19,6,13,0,0,0
2024-11-22 08:30,32,9,23,0,0,0
2024-11-22 08:45,29,4,25,0,0,0
2024-11-22 09:00,18,6,12,0,0,0
2024-11-22 09:15,9,2,7,0,0,0
2024-11-22 09:30,23,2,21,0,0,0
2024-11-22 09:45,27,11,16,0,0,0
2024-11-22 10:00,12,3,9,0,0,0
2024-11-22 10:15,27,11,16,0,0,0
2024-11-22 10:30,14,5,9,0,0,0
2024-11-22 10:45,17,11,6,0,0,0
2024-11-22 11:00,14,6,8,0,0,0
2024-11-22 11:15,23,11,12,0,0,0
2024-11-22 11:30,15,6,9,0,0,0
2024-11-22 11:45,14,8,6,0,0,0
2024-11-22 12:00,15,10,5,0,0,0
2024-11-22 12:15,37,24,13,0,0,0
2024-11-22 12:30,30,23,7,0,0,0
2024-11-22 12:45,16,7,9,0,0,0
2024-11-22 13:00,20,10,10,0,0,0
2024-11-22 13:15,23,13,10,0,0,0
2024-11-22 13:30,26,9,17,0,0,0
2024-11-22 13:45,80,65,15,0,0,0
2024-11-22 14:00,37,28,9,0,0,0
2024-11-22 14:15,29,12,17,0,0,0
2024-11-22 14:30,28,16,12,0,0,0
2024-11-22 14:45,29,19,10,0,0,0
2024-11-22 15:00,28,16,12,0,0,0
2024-11-22 15:15,24,15,9,0,0,0
2024-11-22 15:30,22,15,7,0,0,0
2024-11-22 15:45,15,10,5,0,0,0
2024-11-22 16:00,22,14,8,0,0,0
2024-11-22 16:15,22,14,8,0,0,0
2024-11-22 16:30,25,17,8,0,0,0
2024-11-22 16:45,27,16,11,0,0,0
2024-11-22 17:00,38,27,11,0,0,0
2024-11-22 17:15,29,21,8,0,0,0
2024-11-22 17:30,29,22,7,0,0,0
2024-11-22 17:45,33,28,5,0,0,0
2024-11-22 18:00,26,19,7,0,0,0
2024-11-22 18:15,14,7,7,0,0,0
2024-11-22 18:30,19,8,11,0,0,0
2024-11-22 18:45,18,9,9,0,0,0
2024-11-22 19:00,8,6,2,0,0,0
2024-11-22 19:15,12,5,7,0,0,0
2024-11-22 19:30,1,0,1,0,0,0
2024-11-22 19:45,7,5,2,0,0,0
2024-11-22 20:00,17,6,11,0,0,0
2024-11-22 20:15,14,9,5,0,0,0
2024-11-22 20:30,13,5,8,0,0,0
2024-11-22 20:45,21,6,15,0,0,0
2024-11-22 21:00,49,5,44,0,0,0
2024-11-22 21:15,24,8,16,0,0,0
2024-11-22 21:30,10,0,10,0,0,0
2024-11-22 21:45,6,4,2,0,0,0
2024-11-22 22:00,13,5,8,0,0,0
2024-11-22 22:15,11,3,8,0,0,0
2024-11-22 22:30,4,2,2,0,0,0
2024-11-22 22:45,4,2,2,0,0,0
2024-11-22 23:00,10,6,4,0,0,0
2024-11-22 23:15,2,2,0,0,0,0
2024-11-22 23:30,2,0,2,0,0,0
2024-11-22 23:45,3,2,1,0,0,0
2024-11-23 00:00,2,1,1,0,0,0
2024-11-23 00:15,3,3,0,0,0,0
2024-11-23 00:30,3,2,1,0,0,0
2024-11-23 00:45,0,0,0,0,0,0
2024-11-23 01:00,0,0,0,0,0,0
2024-11-23 01:15,1,1,0,0,0,0
2024-11-23 01:30,5,2,3,0,0,0
2024-11-23 01:45,2,1,1,0,0,0
2024-11-23 02:00,3,2,1,0,0,0
2024-11-23 02:15,2,2,0,0,0,0
2024-11-23 02:30,2,1,1,0,0,0
2024-11-23 02:45,1,0,1,0,0,0
2024-11-23 03:00,1,1,0,0,0,0
2024-11-23 03:15,3,2,1,0,0,0
2024-11-23 03:30,0,0,0,0,0,0
2024-11-23 03:45,0,0,0,0,0,0
2024-11-23 04:00,2,1,1,0,0,0
2024-11-23 04:15,1,1,0,0,0,0
2024-11-23 04:30,0,0,0,0,0,0
2024-11-23 04:45,0,0,0,0,0,0
2024-11-23 05:00,1,1,0,0,0,0
2024-11-23 05:15,2,0,2,0,0,0
2024-11-23 05:30,1,0,1,0,0,0
2024-11-23 05:45,3,2,1,0,0,0
2024-11-23 06:00,0,0,0,0,0,0
2024-11-23 06:15,1,0,1,0,0,0
2024-11-23 06:30,1,0,1,0,0,0
2024-11-23 06:45,1,1,0,0,0,0
2024-11-23 07:00,3,0,3,0,0,0
2024-11-23 07:15,0,0,0,0,0,0
2024-11-23 07:30,0,0,0,0,0,0
2024-11-23 07:45,2,0,2,0,0,0
2024-11-23 08:00,4,2,2,0,0,0
2024-11-23 08:15,8,5,3,0,0,0
2024-11-23 08:30,6,2,4,0,0,0
2024-11-23 08:45,12,6,6,0,0,0
2024-11-23 09:00,16,6,10,0,0,0
2024-11-23 09:15,6,2,4,0,0,0
2024-11-23 09:30,7,1,6,0,0,0
2024-11-23 09:45,22,7,15,0,0,0
2024-11-23 10:00,19,0,19,0,0,0
2024-11-23 10:15,11,4,7,0,0,0
2024-11-23 10:30,20,6,14,0,0,0
2024-11-23 10:45,36,10,26,0,0,0
2024-11-23 11:00,12,3,9,0,0,0
2024-11-23 11:15,25,13,12,0,0,0
2024-11-23 11:30,20,12,8,0,0,0
2024-11-23 11:45,23,8,15,0,0,0
2024-11-23 12:00,10,3,7,0,0,0
2024-11-23 12:15,20,3,17,0,0,0
2024-11-23 12:30,16,5,11,0,0,0
2024-11-23 12:45,15,5,10,0,0,0
2024-11-23 13:00,22,9,13,0,0,0
2024-11-23 13:15,9,3,6,0,0,0
2024-11-23 13:30,16,6,10,0,0,0
2024-11-23 13:45,23,13,10,0,0,0
2024-11-23 14:00,14,6,8,0,0,0
2024-11-23 14:15,14,8,6,0,0,0
2024-11-23 14:30,24,9,15,0,0,0
2024-11-23 14:45,22,14,8,0,0,0
2024-11-23 15:00,25,14,11,0,0,0
2024-11-23 15:15,15,8,7,0,0,0
2024-11-23 15:30,15,11,4,0,0,0
2024-11-23 15:45,17,8,9,0,0,0
2024-11-23 16:00,15,8,7,0,0,0
2024-11-23 16:15,23,16,7,0,0,0
2024-11-23 16:30,23,5,18,0,0,0
2024-11-23 16:45,15,7,8,0,0,0
2024-11-23 17:00,8,3,5,0,0,0
2024-11-23 17:15,10,1,9,0,0,0
2024-11-23 17:30,12,4,8,0,0,0
2024-11-23 17:45,24,2,22,0,0,0
2024-11-23 18:00,15,10,5,0,0,0
2024-11-23 18:15,10,8,2,0,0,0
2024-11-23 18:30,3,0,3,0,0,0
2024-11-23 18:45,8,6,2,0,0,0
2024-11-23 19:00,12,7,5,0,0,0
2024-11-23 19:15,7,3,4,0,0,0
2024-11-23 19:30,9,6,3,0,0,0
2024-11-23 19:45,8,1,7,0,0,0
2024-11-23 20:00,16,15,1,0,0,0
2024-11-23 20:15,2,0,2,0,0,0
2024-11-23 20:30,7,4,3,0,0,0
2024-11-23 20:45,8,4,4,0,0,0
2024-11-23 21:00,2,1,1,0,0,0
2024-11-23 21:15,3,1,2,0,0,0
2024-11-23 21:30,11,4,7,0,0,0
2024-11-23 21:45,6,1,5,0,0,0
2024-11-23 22:00,6,5,1,0,0,0
2024-11-23 22:15,2,2,0,0,0,0
2024-11-23 22:30,2,1,1,0,0,0
2024-11-23 22:45,3,3,0,0,0,0
2024-11-23 23:00,2,1,1,0,0,0
2024-11-23 23:15,3,1,2,0,0,0
2024-11-23 23:30,3,1,2,0,0,0
2024-11-23 23:45,5,2,3,0,0,0
2024-11-24 00:00,8,5,3,0,0,0
2024-11-24 00:15,8,4,4,0,0,0
2024-11-24 00:30,4,1,3,0,0,0
2024-11-24 00:45,4,1,3,0,0,0
2024-11-24 01:00,1,0,1,0,0,0
2024-11-24 01:15,0,0,0,0,0,0
2024-11-24 01:30,7,5,2,0,0,0
2024-11-24 01:45,4,1,3,0,0,0
2024-11-24 02:00,6,3,3,0,0,0
2024-11-24 02:15,5,2,3,0,0,0
2024-11-24 02:30,3,2,1,0,0,0
2024-11-24 02:45,3,3,0,0,0,0
2024-11-24 03:00,0,0,0,0,0,0
2024-11-24 03:15,0,0,0,0,0,0
2024-11-24 03:30,1,0,1,0,0,0
2024-11-24 03:45,2,1,1,0,0,0
2024-11-24 04:00,0,0,0,0,0,0
2024-11-24 04:15,1,1,0,0,0,0
2024-11-24 04:30,0,0,0,0,0,0
2024-11-24 04:45,0,0,0,0,0,0
2024-11-24 05:00,0,0,0,0,0,0
2024-11-24 05:15,0,0,0,0,0,0
2024-11-24 05:30,0,0,0,0,0,0
2024-11-24 05:45,3,0,3,0,0,0
2024-11-24 06:00,0,0,0,0,0,0
2024-11-24 06:15,2,1,1,0,0,0
2024-11-24 06:30,6,4,2,0,0,0
2024-11-24 06:45,0,0,0,0,0,0
2024-11-24 07:00,0,0,0,0,0,0
2024-11-24 07:15,1,0,1,0,0,0
2024-11-24 07:30,2,1,1,0,0,0
2024-11-24 07:45,1,0,1,0,0,0
2024-11-24 08:00,4,1,3,0,0,0
2024-11-24 08:15,1,1,0,0,0,0
2024-11-24 08:30,2,2,0,0,0,0
2024-11-24 08:45,3,1,2,0,0,0
2024-11-24 09:00,3,1,2,0,0,0
2024-11-24 09:15,14,7,7,0,0,0
2024-11-24 09:30,5,3,2,0,0,0
2024-11-24 09:45,9,2,7,0,0,0
2024-11-24 10:00,6,1,5,0,0,0
2024-11-24 10:15,14,2,12,0,0,0
2024-11-24 10:30,12,6,6,0,0,0
2024-11-24 10:45,10,6,4,0,0,0
2024-11-24 11:00,13,4,9,0,0,0
2024-11-24 11:15,12,3,9,0,0,0
2024-11-24 11:30,14,3,11,0,0,0
2024-11-24 11:45,7,2,5,0,0,0
2024-11-24 12:00,7,2,5,0,0,0
2024-11-24 12:15,14,6,8,0,0,0
2024-11-24 12:30,7,3,4,0,0,0
2024-11-24 12:45,18,11,7,0,0,0
2024-11-24 13:00,11,9,2,0,0,0
2024-11-24 13:15,5,3,2,0,0,0
2024-11-24 13:30,14,7,7,0,0,0
2024-11-24 13:45,26,12,14,0,0,0
2024-11-24 14:00,20,6,14,0,0,0
2024-11-24 14:15,20,11,9,0,0,0
2024-11-24 14:30,15,7,8,0,0,0
2024-11-24 14:45,26,14,12,0,0,0
2024-11-24 15:00,24,9,15,0,0,0
2024-11-24 15:15,18,9,9,0,0,0
2024-11-24 15:30,16,1,15,0,0,0
2024-11-24 15:45,9,7,2,0,0,0
2024-11-24 16:00,20,7,13,0,0,0
2024-11-24 16:15,19,10,9,0,0,0
2024-11-24 16:30,13,6,7,0,0,0
2024-11-24 16:45,14,7,7,0,0,0
2024-11-24 17:00,15,4,11,0,0,0
2024-11-24 17:15,11,3,8,0,0,0
2024-11-24 17:30,8,3,5,0,0,0
2024-11-24 17:45,10,5,5,0,0,0
2024-11-24 18:00,10,7,3,0,0,0
2024-11-24 18:15,16,4,12,0,0,0
2024-11-24 18:30,16,10,6,0,0,0
2024-11-24 18:45,8,7,1,0,0,0
2024-11-24 19:00,5,4,1,0,0,0
2024-11-24 19:15,1,1,0,0,0,0
2024-11-24 19:30,7,2,5,0,0,0
2024-11-24 19:45,6,4,2,0,0,0
2024-11-24 20:00,11,2,9,0,0,0
2024-11-24 20:15,7,5,2,0,0,0
2024-11-24 20:30,5,4,1,0,0,0
2024-11-24 20:45,9,5,4,0,0,0
2024-11-24 21:00,3,3,0,0,0,0
2024-11-24 21:15,0,0,0,0,0,0
2024-11-24 21:30,4,4,0,0,0,0
2024-11-24 21:45,2,0,2,0,0,0
2024-11-24 22:00,1,1,0,0,0,0
2024-11-24 22:15,2,1,1,0,0,0
2024-11-24 22:30,0,0,0,0,0,0
2024-11-24 22:45,1,0,1,0,0,0
2024-11-24 23:00,1,1,0,0,0,0
2024-11-24 23:15,1,1,0,0,0,0
2024-11-24 23:30,1,1,0,0,0,0
2024-11-24 23:45,2,2,0,0,0,0
2024-11-25 00:00,0,0,0,0,0,0
2024-11-25 00:15,0,0,0,0,0,0
2024-11-25 00:30,0,0,0,0,0,0
2024-11-25 00:45,0,0,0,0,0,0
2024-11-25 01:00,0,0,0,0,0,0
2024-11-25 01:15,2,1,1,0,0,0
2024-11-25 01:30,0,0,0,0,0,0
2024-11-25 01:45,2,0,2,0,0,0
2024-11-25 02:00,0,0,0,0,0,0
2024-11-25 02:15,0,0,0,0,0,0
2024-11-25 02:30,0,0,0,0,0,0
2024-11-25 02:45,0,0,0,0,0,0
2024-11-25 03:00,1,0,1,0,0,0
2024-11-25 03:15,1,0,1,0,0,0
2024-11-25 03:30,1,1,0,0,0,0
2024-11-25 03:45,0,0,0,0,0,0
2024-11-25 04:00,2,1,1,0,0,0
2024-11-25 04:15,1,1,0,0,0,0
2024-11-25 04:30,4,0,4,0,0,0
2024-11-25 04:45,0,0,0,0,0,0
2024-11-25 05:00,1,1,0,0,0,0
2024-11-25 05:15,1,1,0,0,0,0
2024-11-25 05:30,3,2,1,0,0,0
2024-11-25 05:45,4,2,2,0,0,0
2024-11-25 06:00,3,2,1,0,0,0
2024-11-25 06:15,8,4,4,0,0,0
2024-11-25 06:30,9,5,4,0,0,0
2024-11-25 06:45,9,2,7,0,0,0
2024-11-25 07:00,21,8,13,0,0,0
2024-11-25 07:15,41,9,32,0,0,0
2024-11-25 07:30,131,14,117,0,0,0
2024-11-25 07:45,37,20,17,0,0,0
2024-11-25 08:00,27,9,18,0,0,0
2024-11-25 08:15,36,11,25,0,0,0
2024-11-25 08:30,36,12,24,0,0,0
2024-11-25 08:45,30,14,16,0,0,0
2024-11-25 09:00,24,8,16,0,0,0
2024-11-25 09:15,28,10,18,0,0,0
2024-11-25 09:30,23,8,15,0,0,0
2024-11-25 09:45,30,5,25,0,0,0
2024-11-25 10:00,20,7,13,0,0,0
2024-11-25 10:15,26,12,14,0,0,0
2024-11-25 10:30,17,6,11,0,0,0
2024-11-25 10:45,15,4,11,0,0,0
2024-11-25 11:00,13,3,10,0,0,0
2024-11-25 11:15,20,13,7,0,0,0
2024-11-25 11:30,19,9,10,0,0,0
2024-11-25 11:45,22,9,13,0,0,0
2024-11-25 12:00,14,8,6,0,0,0
2024-11-25 12:15,32,17,15,0,0,0
2024-11-25 12:30,26,12,14,0,0,0
2024-11-25 12:45,11,6,5,0,0,0
2024-11-25 13:00,29,16,13,0,0,0
2024-11-25 13:15,17,10,7,0,0,0
2024-11-25 13:30,25,14,11,0,0,0
2024-11-25 13:45,72,55,17,0,0,0
2024-11-25 14:00,29,18,11,0,0,0
2024-11-25 14:15,21,13,8,0,0,0
2024-11-25 14:30,34,23,11,0,0,0
2024-11-25 14:45,43,21,22,0,0,0
2024-11-25 15:00,34,18,16,0,0,0
2024-11-25 15:15,22,14,8,0,0,0
2024-11-25 15:30,22,10,12,0,0,0
2024-11-25 15:45,25,13,12,0,0,0
2024-11-25 16:00,26,13,13,0,0,0
2024-11-25 16:15,22,13,9,0,0,0
2024-11-25 16:30,28,15,13,0,0,0
2024-11-25 16:45,37,19,18,0,0,0
2024-11-25 17:00,25,18,7,0,0,0
2024-11-25 17:15,31,21,10,0,0,0
2024-11-25 17:30,14,9,5,0,0,0
2024-11-25 17:45,51,22,29,0,0,0
2024-11-25 18:00,26,15,11,0,0,0
2024-11-25 18:15,24,16,8,0,0,0
2024-11-25 18:30,21,14,7,0,0,0
2024-11-25 18:45,19,14,5,0,0,0
2024-11-25 19:00,23,17,6,0,0,0
2024-11-25 19:15,13,8,5,0,0,0
2024-11-25 19:30,12,5,7,0,0,0
2024-11-25 19:45,10,4,6,0,0,0
2024-11-25 20:00,10,5,5,0,0,0
2024-11-25 20:15,4,3,1,0,0,0
2024-11-25 20:30,17,12,5,0,0,0
2024-11-25 20:45,12,6,6,0,0,0
2024-11-25 21:00,7,5,2,0,0,0
2024-11-25 21:15,2,1,1,0,0,0
2024-11-25 21:30,14,9,5,0,0,0
2024-11-25 21:45,4,3,1,0,0,0
2024-11-25 22:00,4,2,2,0,0,0
2024-11-25 22:15,11,6,5,0,0,0
2024-11-25 22:30,3,2,1,0,0,0
2024-11-25 22:45,2,0,2,0,0,0
2024-11-25 23:00,2,2,0,0,0,0
2024-11-25 23:15,2,1,1,0,0,0
2024-11-25 23:30,3,0,3,0,0,0
2024-11-25 23:45,3,2,1,0,0,0
2024-11-26 00:00,1,0,1,0,0,0
2024-11-26 00:15,1,1,0,0,0,0
2024-11-26 00:30,2,1,1,0,0,0
2024-11-26 00:45,1,1,0,0,0,0
2024-11-26 01:00,2,1,1,0,0,0
2024-11-26 01:15,0,0,0,0,0,0
2024-11-26 01:30,0,0,0,0,0,0
2024-11-26 01:45,1,0,1,0,0,0
2024-11-26 02:00,1,1,0,0,0,0
2024-11-26 02:15,1,0,1,0,0,0
2024-11-26 02:30,0,0,0,0,0,0
2024-11-26 02:45,0,0,0,0,0,0
2024-11-26 03:00,0,0,0,0,0,0
2024-11-26 03:15,1,0,1,0,0,0
2024-11-26 03:30,0,0,0,0,0,0
2024-11-26 03:45,0,0,0,0,0,0
2024-11-26 04:00,2,2,0,0,0,0
2024-11-26 04:15,1,0,1,0,0,0
2024-11-26 04:30,4,0,4,0,0,0
2024-11-26 04:45,0,0,0,0,0,0
2024-11-26 05:00,3,3,0,0,0,0
2024-11-26 05:15,2,1,1,0,0,0
2024-11-26 05:30,3,2,1,0,0,0
2024-11-26 05:45,3,0,3,0,0,0
2024-11-26 06:00,6,2,4,0,0,0
2024-11-26 06:15,10,6,4,0,0,0
2024-11-26 06:30,10,4,6,0,0,0
2024-11-26 06:45,14,3,11,0,0,0
2024-11-26 07:00,16,7,9,0,0,0
2024-11-26 07:15,46,7,39,0,0,0
2024-11-26 07:30,115,12,103,0,0,0
2024-11-26 07:45,48,15,33,0,0,0
2024-11-26 08:00,37,12,25,0,0,0
2024-11-26 08:15,37,13,24,0,0,0
2024-11-26 08:30,23,7,16,0,0,0
2024-11-26 08:45,30,11,19,0,0,0
2024-11-26 09:00,18,2,16,0,0,0
2024-11-26 09:15,12,4,8,0,0,0
2024-11-26 09:30,21,4,17,0,0,0
2024-11-26 09:45,41,17,24,0,0,0
2024-11-26 10:00,23,11,12,0,0,0
2024-11-26 10:15,17,4,13,0,0,0
2024-11-26 10:30,27,12,15,0,0,0
2024-11-26 10:45,14,6,8,0,0,0
2024-11-26 11:00,24,10,14,0,0,0
2024-11-26 11:15,18,10,8,0,0,0
2024-11-26 11:30,18,11,7,0,0,0
2024-11-26 11:45,22,8,14,0,0,0
2024-11-26 12:00,28,19,9,0,0,0
2024-11-26 12:15,30,25,5,0,0,0
2024-11-26 12:30,35,22,13,0,0,0
2024-11-26 12:45,16,9,7,0,0,0
2024-11-26 13:00,26,13,13,0,0,0
2024-11-26 13:15,22,14,8,0,0,0
2024-11-26 13:30,22,14,8,0,0,0
2024-11-26 13:45,70,59,11,0,0,0
2024-11-26 14:00,39,22,17,0,0,0
2024-11-26 14:15,24,8,16,0,0,0
2024-11-26 14:30,39,26,13,0,0,0
2024-11-26 14:45,24,10,14,0,0,0
2024-11-26 15:00,37,23,14,0,0,0
2024-11-26 15:15,27,17,10,0,0,0
2024-11-26 15:30,33,21,12,0,0,0
2024-11-26 15:45,40,13,27,0,0,0
2024-11-26 16:00,48,24,24,0,0,0
2024-11-26 16:15,34,17,17,0,0,0
2024-11-26 16:30,40,21,19,0,0,0
2024-11-26 16:45,36,24,12,0,0,0
2024-11-26 17:00,24,14,10,0,0,0
2024-11-26 17:15,36,21,15,0,0,0
2024-11-26 17:30,27,11,16,0,0,0
2024-11-26 17:45,40,14,26,0,0,0
2024-11-26 18:00,34,23,11,0,0,0
2024-11-26 18:15,31,19,12,0,0,0
2024-11-26 18:30,17,10,7,0,0,0
2024-11-26 18:45,25,15,10,0,0,0
2024-11-26 19:00,17,11,6,0,0,0
2024-11-26 19:15,30,19,11,0,0,0
2024-11-26 19:30,23,13,10,0,0,0
2024-11-26 19:45,20,14,6,0,0,0
2024-11-26 20:00,9,6,3,0,0,0
2024-11-26 20:15,10,4,6,0,0,0
2024-11-26 20:30,4,2,2,0,0,0
2024-11-26 20:45,19,13,6,0,0,0
2024-11-26 21:00,12,9,3,0,0,0
2024-11-26 21:15,11,7,4,0,0,0
2024-11-26 21:30,14,8,6,0,0,0
2024-11-26 21:45,7,4,3,0,0,0
2024-11-26 22:00,5,4,1,0,0,0
2024-11-26 22:15,10,9,1,0,0,0
2024-11-26 22:30,7,1,6,0,0,0
2024-11-26 22:45,3,1,2,0,0,0
2024-11-26 23:00,3,1,2,0,0,0
2024-11-26 23:15,1,0,1,0,0,0
2024-11-26 23:30,2,2,0,0,0,0
2024-11-26 23:45,1,1,0,0,0,0
2024-11-27 00:00,0,0,0,0,0,0
2024-11-27 00:15,5,3,2,0,0,0
2024-11-27 00:30,0,0,0,0,0,0
2024-11-27 00:45,1,1,0,0,0,0
2024-11-27 01:00,0,0,0,0,0,0
2024-11-27 01:15,0,0,0,0,0,0
2024-11-27 01:30,1,0,1,0,0,0
2024-11-27 01:45,1,0,1,0,0,0
2024-11-27 02:00,1,1,0,0,0,0
2024-11-27 02:15,0,0,0,0,0,0
2024-11-27 02:30,0,0,0,0,0,0
2024-11-27 02:45,0,0,0,0,0,0
2024-11-27 03:00,0,0,0,0,0,0
2024-11-27 03:15,1,0,1,0,0,0
2024-11-27 03:30,0,0,0,0,0,0
2024-11-27 03:45,0,0,0,0,0,0
2024-11-27 04:00,1,1,0,0,0,0
2024-11-27 04:15,2,1,1,0,0,0
2024-11-27 04:30,3,0,3,0,0,0
2024-11-27 04:45,0,0,0,0,0,0
2024-11-27 05:00,1,1,0,0,0,0
2024-11-27 05:15,2,1,1,0,0,0
2024-11-27 05:30,3,2,1,0,0,0
2024-11-27 05:45,5,0,5,0,0,0
2024-11-27 06:00,12,3,9,0,0,0
2024-11-27 06:15,12,9,3,0,0,0
2024-11-27 06:30,3,1,2,0,0,0
2024-11-27 06:45,10,4,6,0,0,0
2024-11-27 07:00,15,3,12,0,0,0
2024-11-27 07:15,35,8,27,0,0,0
2024-11-27 07:30,127,11,116,0,0,0
2024-11-27 07:45,40,16,24,0,0,0
2024-11-27 08:00,37,10,27,0,0,0
2024-11-27 08:15,27,12,15,0,0,0
2024-11-27 08:30,28,11,17,0,0,0
2024-11-27 08:45,25,7,18,0,0,0
2024-11-27 09:00,17,6,11,0,0,0
2024-11-27 09:15,23,8,15,0,0,0
2024-11-27 09:30,20,7,13,0,0,0
2024-11-27 09:45,27,10,17,0,0,0
2024-11-27 10:00,25,8,17,0,0,0
2024-11-27 10:15,13,2,11,0,0,0
2024-11-27 10:30,13,7,6,0,0,0
2024-11-27 10:45,14,9,5,0,0,0
2024-11-27 11:00,11,5,6,0,0,0
2024-11-27 11:15,14,8,6,0,0,0
2024-11-27 11:30,18,9,9,0,0,0
2024-11-27 11:45,18,11,7,0,0,0
2024-11-27 12:00,17,15,2,0,0,0
2024-11-27 12:15,30,24,6,0,0,0
2024-11-27 12:30,32,22,10,0,0,0
2024-11-27 12:45,23,9,14,0,0,0
2024-11-27 13:00,20,10,10,0,0,0
2024-11-27 13:15,13,7,6,0,0,0
2024-11-27 13:30,17,10,7,0,0,0
2024-11-27 13:45,61,49,12,0,0,0
2024-11-27 14:00,29,19,10,0,0,0
2024-11-27 14:15,19,14,5,0,0,0
2024-11-27 14:30,21,11,10,0,0,0
2024-11-27 14:45,28,16,12,0,0,0
2024-11-27 15:00,31,19,12,0,0,0
2024-11-27 15:15,29,19,10,0,0,0
2024-11-27 15:30,33,20,13,0,0,0
2024-11-27 15:45,39,17,22,0,0,0
2024-11-27 16:00,30,19,11,0,0,0
2024-11-27 16:15,28,15,13,0,0,0
2024-11-27 16:30,29,14,15,0,0,0
2024-11-27 16:45,31,21,10,0,0,0
2024-11-27 17:00,30,12,18,0,0,0
2024-11-27 17:15,26,14,12,0,0,0
2024-11-27 17:30,18,9,9,0,0,0
2024-11-27 17:45,36,19,17,0,0,0
2024-11-27 18:00,20,9,11,0,0,0
2024-11-27 18:15,18,10,8,0,0,0
2024-11-27 18:30,21,16,5,0,0,0
2024-11-27 18:45,17,5,12,0,0,0
2024-11-27 19:00,7,4,3,0,0,0
2024-11-27 19:15,16,14,2,0,0,0
2024-11-27 19:30,13,5,8,0,0,0
2024-11-27 19:45,15,7,8,0,0,0
2024-11-27 20:00,13,10,3,0,0,0
2024-11-27 20:15,6,4,2,0,0,0
2024-11-27 20:30,6,1,5,0,0,0
2024-11-27 20:45,9,4,5,0,0,0
2024-11-27 21:00,5,1,4,0,0,0
2024-11-27 21:15,8,5,3,0,0,0
2024-11-27 21:30,11,2,9,0,0,0
2024-11-27 21:45,11,7,4,0,0,0
2024-11-27 22:00,4,3,1,0,0,0
2024-11-27 22:15,13,11,2,0,0,0
2024-11-27 22:30,1,1,0,0,0,0
2024-11-27 22:45,6,6,0,0,0,0
2024-11-27 23:00,4,2,2,0,0,0
2024-11-27 23:15,0,0,0,0,0,0
2024-11-27 23:30,4,4,0,0,0,0
2024-11-27 23:45,6,5,1,0,0,0
2024-11-28 00:00,3,3,0,0,0,0
2024-11-28 00:15,1,1,0,0,0,0
2024-11-28 00:30,1,1,0,0,0,0
2024-11-28 00:45,2,2,0,0,0,0
2024-11-28 01:00,0,0,0,0,0,0
2024-11-28 01:15,0,0,0,0,0,0
2024-11-28 01:30,2,1,1,0,0,0
2024-11-28 01:45,2,0,2,0,0,0
2024-11-28 02:00,0,0,0,0,0,0
2024-11-28 02:15,0,0,0,0,0,0
2024-11-28 02:30,0,0,0,0,0,0
2024-11-28 02:45,0,0,0,0,0,0
2024-11-28 03:00,0,0,0,0,0,0
2024-11-28 03:15,1,0,1,0,0,0
2024-11-28 03:30,0,0,0,0,0,0
2024-11-28 03:45,0,0,0,0,0,0
2024-11-28 04:00,0,0,0,0,0,0
2024-11-28 04:15,3,2,1,0,0,0
2024-11-28 04:30,3,0,3,0,0,0
2024-11-28 04:45,0,0,0,0,0,0
2024-11-28 05:00,3,3,0,0,0,0
2024-11-28 05:15,3,2,1,0,0,0
2024-11-28 05:30,3,0,3,0,0,0
2024-11-28 05:45,1,0,1,0,0,0
2024-11-28 06:00,6,3,3,0,0,0
2024-11-28 06:15,12,7,5,0,0,0
2024-11-28 06:30,14,9,5,0,0,0
2024-11-28 06:45,6,4,2,0,0,0
2024-11-28 07:00,14,5,9,0,0,0
2024-11-28 07:15,48,6,42,0,0,0
2024-11-28 07:30,104,17,87,0,0,0
2024-11-28 07:45,35,15,20,0,0,0
2024-11-28 08:00,47,13,34,0,0,0
2024-11-28 08:15,30,8,22,0,0,0
2024-11-28 08:30,32,14,18,0,0,0
2024-11-28 08:45,24,9,15,0,0,0
2024-11-28 09:00,18,7,11,0,0,0
2024-11-28 09:15,12,7,5,0,0,0
2024-11-28 09:30,30,5,25,0,0,0
2024-11-28 09:45,20,6,14,0,0,0
2024-11-28 10:00,21,9,12,0,0,0
2024-11-28 10:15,11,5,6,0,0,0
2024-11-28 10:30,20,5,15,0,0,0
2024-11-28 10:45,16,8,8,0,0,0
2024-11-28 11:00,20,5,15,0,0,0
2024-11-28 11:15,21,11,10,0,0,0
2024-11-28 11:30,15,7,8,0,0,0
2024-11-28 11:45,19,9,10,0,0,0
2024-11-28 12:00,18,8,10,0,0,0
2024-11-28 12:15,32,23,9,0,0,0
2024-11-28 12:30,41,28,13,0,0,0
2024-11-28 12:45,22,17,5,0,0,0
2024-11-28 13:00,17,10,7,0,0,0
2024-11-28 13:15,30,17,13,0,0,0
2024-11-28 13:30,18,7,11,0,0,0
2024-11-28 13:45,48,35,13,0,0,0
2024-11-28 14:00,33,23,10,0,0,0
2024-11-28 14:15,30,19,11,0,0,0
2024-11-28 14:30,25,8,17,0,0,0
2024-11-28 14:45,34,15,19,0,0,0
2024-11-28 15:00,43,35,8,0,0,0
2024-11-28 15:15,36,24,12,0,0,0
2024-11-28 15:30,32,20,12,0,0,0
2024-11-28 15:45,31,15,16,0,0,0
2024-11-28 16:00,41,26,15,0,0,0
2024-11-28 16:15,29,15,14,0,0,0
2024-11-28 16:30,41,18,23,0,0,0
2024-11-28 16:45,27,10,17,0,0,0
2024-11-28 17:00,30,18,12,0,0,0
2024-11-28 17:15,26,12,14,0,0,0
2024-11-28 17:30,30,21,9,0,0,0
2024-11-28 17:45,28,14,14,0,0,0
2024-11-28 18:00,24,19,5,0,0,0
2024-11-28 18:15,23,12,11,0,0,0
2024-11-28 18:30,16,9,7,0,0,0
2024-11-28 18:45,14,8,6,0,0,0
2024-11-28 19:00,27,10,17,0,0,0
2024-11-28 19:15,12,6,6,0,0,0
2024-11-28 19:30,25,16,9,0,0,0
2024-11-28 19:45,15,10,5,0,0,0
2024-11-28 20:00,12,5,7,0,0,0
2024-11-28 20:15,14,12,2,0,0,0
2024-11-28 20:30,8,4,4,0,0,0
2024-11-28 20:45,12,6,6,0,0,0
2024-11-28 21:00,13,6,7,0,0,0
2024-11-28 21:15,10,8,2,0,0,0
2024-11-28 21:30,9,5,4,0,0,0
2024-11-28 21:45,5,3,2,0,0,0
2024-11-28 22:00,11,6,5,0,0,0
2024-11-28 22:15,16,16,0,0,0,0
2024-11-28 22:30,5,3,2,0,0,0
2024-11-28 22:45,8,5,3,0,0,0
2024-11-28 23:00,7,2,5,0,0,0
2024-11-28 23:15,1,0,1,0,0,0
2024-11-28 23:30,3,3,0,0,0,0
2024-11-28 23:45,3,2,1,0,0,0
2024-11-29 00:00,1,0,1,0,0,0
2024-11-29 00:15,3,1,2,0,0,0
2024-11-29 00:30,3,3,0,0,0,0
2024-11-29 00:45,3,2,1,0,0,0
2024-11-29 01:00,2,0,2,0,0,0
2024-11-29 01:15,1,1,0,0,0,0
2024-11-29 01:30,3,2,1,0,0,0
2024-11-29 01:45,0,0,0,0,0,0
2024-11-29 02:00,2,1,1,0,0,0
2024-11-29 02:15,0,0,0,0,0,0
2024-11-29 02:30,1,1,0,0,0,0
2024-11-29 02:45,0,0,0,0,0,0
2024-11-29 03:00,0,0,0,0,0,0
2024-11-29 03:15,2,0,2,0,0,0
2024-11-29 03:30,0,0,0,0,0,0
2024-11-29 03:45,0,0,0,0,0,0
2024-11-29 04:00,0,0,0,0,0,0
2024-11-29 04:15,0,0,0,0,0,0
2024-11-29 04:30,2,1,1,0,0,0
2024-11-29 04:45,2,0,2,0,0,0
2024-11-29 05:00,3,2,1,0,0,0
2024-11-29 05:15,3,3,0,0,0,0
2024-11-29 05:30,5,2,3,0,0,0
2024-11-29 05:45,1,0,1,0,0,0
2024-11-29 06:00,2,1,1,0,0,0
2024-11-29 06:15,9,6,3,0,0,0
2024-11-29 06:30,13,8,5,0,0,0
2024-11-29 06:45,11,6,5,0,0,0
2024-11-29 07:00,18,6,12,0,0,0
2024-11-29 07:15,45,11,34,0,0,0
2024-11-29 07:30,116,9,107,0,0,0
2024-11-29 07:45,33,17,16,0,0,0
2024-11-29 08:00,25,8,17,0,0,0
2024-11-29 08:15,29,11,18,0,0,0
2024-11-29 08:30,14,7,7,0,0,0
2024-11-29 08:45,38,17,21,0,0,0
2024-11-29 09:00,14,8,6,0,0,0
2024-11-29 09:15,21,3,18,0,0,0
2024-11-29 09:30,34,11,23,0,0,0
2024-11-29 09:45,38,9,29,0,0,0
2024-11-29 10:00,18,6,12,0,0,0
2024-11-29 10:15,26,15,11,0,0,0
2024-11-29 10:30,14,7,7,0,0,0
2024-11-29 10:45,20,7,13,0,0,0
2024-11-29 11:00,18,11,7,0,0,0
2024-11-29 11:15,25,7,18,0,0,0
2024-11-29 11:30,27,8,19,0,0,0
2024-11-29 11:45,23,10,13,0,0,0
2024-11-29 12:00,17,9,8,0,0,0
2024-11-29 12:15,38,29,9,0,0,0
2024-11-29 12:30,33,21,12,0,0,0
2024-11-29 12:45,29,11,18,0,0,0
2024-11-29 13:00,26,16,10,0,0,0
2024-11-29 13:15,32,9,23,0,0,0
2024-11-29 13:30,30,10,20,0,0,0
2024-11-29 13:45,89,70,19,0,0,0
2024-11-29 14:00,40,24,16,0,0,0
2024-11-29 14:15,55,36,19,0,0,0
2024-11-29 14:30,30,18,12,0,0,0
2024-11-29 14:45,32,13,19,0,0,0
2024-11-29 15:00,31,16,15,0,0,0
2024-11-29 15:15,33,23,10,0,0,0
2024-11-29 15:30,22,6,16,0,0,0
2024-11-29 15:45,42,17,25,0,0,0
2024-11-29 16:00,21,11,10,0,0,0
2024-11-29 16:15,35,19,16,0,0,0
2024-11-29 16:30,20,12,8,0,0,0
2024-11-29 16:45,30,21,9,0,0,0
2024-11-29 17:00,28,16,12,0,0,0
2024-11-29 17:15,22,9,13,0,0,0
2024-11-29 17:30,31,14,17,0,0,0
2024-11-29 17:45,27,11,16,0,0,0
2024-11-29 18:00,23,16,7,0,0,0
2024-11-29 18:15,25,5,20,0,0,0
2024-11-29 18:30,27,12,15,0,0,0
2024-11-29 18:45,18,8,10,0,0,0
2024-11-29 19:00,11,8,3,0,0,0
2024-11-29 19:15,8,6,2,0,0,0
2024-11-29 19:30,21,13,8,0,0,0
2024-11-29 19:45,11,9,2,0,0,0
2024-11-29 20:00,16,14,2,0,0,0
2024-11-29 20:15,9,5,4,0,0,0
2024-11-29 20:30,11,2,9,0,0,0
2024-11-29 20:45,13,5,8,0,0,0
2024-11-29 21:00,15,6,9,0,0,0
2024-11-29 21:15,9,5,4,0,0,0
2024-11-29 21:30,9,4,5,0,0,0
2024-11-29 21:45,5,5,0,0,0,0
2024-11-29 22:00,6,1,5,0,0,0
2024-11-29 22:15,6,3,3,0,0,0
2024-11-29 22:30,5,5,0,0,0,0
2024-11-29 22:45,8,5,3,0,0,0
2024-11-29 23:00,8,5,3,0,0,0
2024-11-29 23:15,4,3,1,0,0,0
2024-11-29 23:30,3,1,2,0,0,0
2024-11-29 23:45,5,4,1,0,0,0
